$SPEC_ID:
No sample description was entered.
$SPEC_REM:
DET# 1
DETDESC# MYON MCB 337
AP# Maestro Version 6.06
$DATE_MEA:
10/24/2022 13:11:32
$MEAS_TIM:
159914 159915
$DATA:
0 511
       0
       0
       0
       0
      62
      95
      77
      85
      75
      71
      75
      60
      61
      75
      75
      77
      62
      67
      73
      69
      52
      70
      73
      76
      76
      77
      54
      50
      60
      58
      56
      63
      76
      59
      60
      65
      53
      57
      45
      45
      54
      52
      57
      53
      63
      40
      37
      47
      54
      46
      43
      41
      48
      52
      33
      41
      33
      27
      43
      54
      45
      41
      47
      45
      54
      38
      46
      38
      38
      42
      49
      34
      50
      45
      29
      35
      39
      40
      34
      30
      44
      33
      20
      38
      25
      35
      30
      37
      32
      35
      38
      40
      25
      31
      29
      32
      20
      29
      31
      31
      31
      32
      25
      33
      31
      31
      32
      23
      27
      24
      18
      18
      23
      19
      20
      21
      19
      26
      18
      17
      21
      31
      16
      24
      29
      18
      17
      27
      21
      20
      22
      13
      20
      22
      21
      22
      16
      18
      15
      18
      19
      23
      19
      21
      15
      14
      23
      16
      15
      18
      19
      16
      20
      20
      21
      24
      19
      18
      18
      12
      18
      15
      12
      12
      11
      13
      16
      13
      12
      13
      14
      12
      10
      20
      17
      11
      14
      14
      11
      10
      13
       8
      12
      18
      12
      16
      17
      11
      11
       7
       8
       4
       7
      14
      18
       7
       9
      12
      13
      11
      13
      18
      13
       6
      10
       7
       7
      13
       9
       8
      12
      13
       6
      15
       9
      12
       9
      12
      10
      11
      11
       6
       9
       6
       5
       2
       8
       8
      14
      12
      10
       4
       6
       9
       7
       6
       4
       2
      11
      11
       4
       9
      10
       8
       4
       9
       6
       6
       5
       8
       7
       7
       8
       5
       5
       7
       6
       6
       2
       6
       8
       5
       2
       5
       5
       9
      12
       5
       4
       8
       3
      11
       8
       7
       5
       1
       4
       4
      11
       4
       7
       5
       6
       5
       5
       3
       8
       2
       2
       6
       8
       1
       4
       3
       6
       4
       5
       6
       5
       7
       6
       4
       4
      10
       3
       7
       3
       2
       7
       3
       2
       4
       5
       1
       2
       9
       3
       2
       2
       3
       2
       5
       2
       2
       6
       2
       8
       6
       4
       7
       3
       2
       4
       4
       5
       3
       1
       5
       2
       1
       4
       1
       4
       5
       1
       3
       3
       3
       3
       3
       4
       2
       3
       5
       2
       3
       2
       2
       5
       3
       4
       3
       3
       5
       5
       2
       6
       2
       2
       1
       3
       1
       0
       2
       6
       5
       2
       4
       2
       3
       0
       1
       0
       4
       5
       5
       2
       2
       0
       0
       3
       0
       1
       2
       3
       6
       3
       2
       1
       0
       2
       2
       1
       1
       4
       2
       1
       3
       1
       0
       2
       2
       2
       5
       0
       6
       1
       2
       3
       0
       0
       1
       1
       0
       3
       2
       2
       4
       0
       0
       3
       0
       4
       2
       1
       1
       1
       0
       2
       1
       1
       1
       2
       1
       2
       1
       1
       3
       0
       0
       0
       0
       0
       0
       0
       0
       0
       0
       0
       0
       0
       0
       0
       0
       0
       0
       0
       0
       0
       0
       0
       0
       0
       0
       0
       0
       0
       0
       0
       0
       0
       0
       0
       0
       0
       0
       0
       0
       0
       0
       0
       0
       0
       0
       0
       0
       0
       0
       0
       0
       0
       0
       0
       0
       0
       0
       0
       0
       0
       0
       0
       0
$ROI:
0
$PRESETS:
None
0
0
$ENER_FIT:
-2.326062 0.088583
$MCA_CAL:
3
-2.326062E+000 8.858320E-002 -1.636990E-004 micr
$SHAPE_CAL:
3
0.000000E+000 0.000000E+000 0.000000E+000
