$SPEC_ID:
PRAK02 Easy-MCA-2k SN
$SPEC_REM:
DET# 1
DETDESC# PRAK01 Easy-MCA-2k SN 15071856
AP# Maestro Version 7.01
$DATE_MEA:
03/12/2002 01:40:46
$MEAS_TIM:
240 240
$DATA:
0 511
       0
       0
       0
       0
       0
       0
       5
      41
     143
     140
      64
      28
      30
      11
       2
       0
       2
       3
       5
     642
    1321
    1289
    1192
    1211
    1173
    1138
    1067
    1061
    1048
    1037
    1003
    1032
    1014
     975
     969
    1025
     952
     911
     978
     949
     997
     993
    1054
     969
     957
     906
     757
     693
     564
     521
     453
     399
     371
     397
     377
     382
     369
     435
     455
     651
     871
    1491
    2504
    3776
    5064
    6051
    6090
    5168
    3733
    2352
    1270
     500
     212
      78
      31
      11
      17
      10
       9
       7
      17
       5
      17
      10
       8
      14
       9
       7
      14
      15
       6
       5
       6
      12
       9
      10
       6
       7
      11
       8
       5
       5
      10
       7
       5
       6
       4
       6
       3
       3
       6
       4
       7
       5
       5
       4
       4
       5
       5
       4
       4
       2
       4
       5
       2
       9
       3
       1
       4
       3
       1
       5
       1
       7
       0
       8
       7
       4
       6
      14
       9
      10
       5
       4
       3
       4
       3
       2
       1
       1
       3
       0
       0
       0
       1
       1
       3
       2
       1
       2
       0
       0
       1
       2
       0
       2
       1
       2
       1
       1
       2
       2
       3
       2
       3
       2
       1
       0
       0
       2
       1
       0
       0
       0
       0
       1
       2
       0
       0
       0
       2
       0
       0
       0
       0
       1
       1
       1
       0
       1
       0
       1
       0
       0
       2
       0
       1
       2
       0
       0
       1
       1
       1
       0
       1
       0
       0
       0
       0
       0
       0
       0
       2
       0
       0
       1
       0
       0
       1
       0
       0
       0
       1
       0
       0
       0
       0
       1
       0
       1
       0
       1
       0
       0
       0
       0
       0
       0
       0
       0
       0
       0
       0
       1
       0
       0
       0
       0
       0
       0
       0
       1
       0
       0
       0
       0
       0
       0
       0
       0
       0
       0
       0
       0
       0
       0
       0
       0
       0
       0
       0
       0
       0
       0
       0
       0
       0
       0
       0
       0
       0
       0
       0
       0
       0
       0
       0
       0
       0
       0
       0
       0
       0
       0
       1
       0
       1
       0
       0
       0
       0
       0
       0
       0
       1
       0
       1
       0
       0
       0
       0
       0
       0
       0
       0
       0
       0
       0
       0
       0
       0
       0
       0
       0
       1
       0
       0
       0
       0
       0
       1
       0
       0
       0
       0
       0
       0
       0
       0
       0
       0
       0
       0
       0
       1
       0
       0
       0
       0
       0
       0
       0
       0
       0
       0
       0
       0
       0
       0
       0
       0
       0
       0
       0
       0
       0
       0
       0
       0
       0
       0
       0
       0
       0
       0
       1
       0
       0
       0
       0
       0
       0
       0
       0
       0
       0
       0
       0
       0
       0
       0
       0
       0
       0
       0
       0
       0
       0
       0
       0
       0
       0
       0
       0
       0
       0
       0
       0
       0
       0
       0
       0
       0
       0
       0
       0
       0
       0
       0
       0
       0
       0
       0
       0
       0
       0
       0
       0
       0
       0
       0
       0
       1
       0
       0
       0
       0
       0
       0
       0
       0
       0
       0
       0
       0
       0
       0
       0
       0
       0
       0
       0
       0
       0
       0
       0
       0
       0
       0
       0
       0
       0
       0
       0
       0
       0
       0
       0
       0
       0
       0
       0
       0
       0
       0
       0
       0
       0
       0
       0
       0
       0
       0
       0
       0
       0
       0
       0
       0
       0
       0
       0
       0
       0
       0
       0
       0
       0
       0
       0
       0
       0
$ROI:
0
$PRESETS:
Live Time
240
0
$ENER_FIT:
0.000000 0.000000
$MCA_CAL:
3
0.000000E+000 0.000000E+000 0.000000E+000 
$SHAPE_CAL:
3
0.000000E+000 0.000000E+000 0.000000E+000
