$SPEC_ID:
PRAK02 Easy-MCA-2k SN
$SPEC_REM:
DET# 1
DETDESC# PRAK01 Easy-MCA-2k SN 15071856
AP# Maestro Version 7.01
$DATE_MEA:
03/12/2002 01:56:44
$MEAS_TIM:
240 240
$DATA:
0 511
       0
       0
       0
       0
       0
       0
       1
      26
      90
      75
      28
      21
      12
       4
       0
       0
       0
       1
       4
     688
    1221
    1271
    1250
    1200
    1096
    1132
     990
    1023
     974
    1018
     999
     986
     973
     993
    1005
    1008
     943
    1005
     964
     959
    1015
     973
     981
    1029
     963
     883
     787
     666
     575
     526
     453
     445
     380
     372
     366
     400
     360
     383
     457
     593
     902
    1514
    2523
    3733
    5344
    6023
    5968
    5156
    3674
    2357
    1174
     527
     193
      66
      28
      19
      14
       3
      16
       7
       9
      15
      15
       8
      12
      11
       3
       4
      11
       7
      12
       9
       5
       7
      11
       6
       9
       4
       7
      11
       9
       5
      11
       8
       8
       8
       2
       1
       7
       6
       8
       7
       7
       7
       6
       8
       4
       2
       4
       4
       5
       3
       5
       5
       6
       2
       3
       1
       5
       3
       3
       3
       4
       3
       3
       2
       3
       5
       7
       3
       9
       8
       6
       3
       7
       7
       4
       2
       0
       1
       4
       2
       0
       1
       0
       2
       0
       1
       1
       0
       1
       0
       1
       0
       3
       1
       3
       3
       1
       1
       0
       0
       3
       1
       0
       1
       1
       0
       2
       0
       0
       0
       1
       2
       0
       0
       0
       0
       1
       0
       1
       1
       1
       0
       0
       2
       0
       0
       0
       0
       0
       0
       0
       1
       1
       0
       2
       0
       1
       1
       0
       1
       0
       0
       0
       1
       0
       0
       2
       0
       0
       0
       0
       0
       1
       0
       0
       0
       0
       2
       0
       0
       0
       0
       0
       0
       0
       0
       0
       0
       1
       0
       0
       0
       0
       0
       0
       0
       0
       0
       0
       0
       0
       0
       0
       1
       0
       0
       0
       0
       0
       0
       0
       1
       1
       0
       0
       0
       1
       0
       0
       0
       0
       0
       0
       0
       0
       0
       1
       0
       0
       1
       0
       1
       0
       0
       0
       0
       0
       0
       0
       0
       0
       0
       0
       0
       0
       0
       0
       0
       0
       0
       0
       0
       0
       0
       0
       0
       0
       0
       0
       1
       0
       0
       0
       0
       0
       1
       1
       0
       1
       0
       0
       0
       0
       0
       0
       0
       0
       0
       0
       0
       0
       0
       0
       0
       0
       0
       0
       0
       0
       1
       0
       0
       0
       0
       0
       1
       0
       0
       0
       0
       0
       0
       0
       0
       0
       0
       0
       0
       0
       0
       0
       0
       0
       0
       0
       0
       0
       0
       0
       0
       0
       0
       0
       0
       0
       0
       0
       1
       0
       0
       1
       0
       0
       0
       0
       0
       0
       0
       0
       0
       0
       0
       0
       0
       0
       0
       0
       0
       0
       0
       0
       0
       0
       0
       0
       0
       0
       0
       0
       0
       0
       0
       0
       0
       0
       0
       0
       0
       0
       0
       0
       0
       0
       0
       0
       0
       0
       0
       0
       0
       0
       0
       0
       0
       0
       0
       0
       0
       0
       0
       1
       0
       0
       0
       0
       0
       0
       0
       0
       0
       0
       0
       0
       0
       0
       0
       0
       0
       0
       0
       0
       0
       0
       0
       0
       0
       0
       0
       0
       0
       0
       0
       0
       0
       0
       0
       0
       0
       0
       0
       0
       0
       0
       0
       0
       0
       0
       0
       0
       0
       0
       0
       0
       0
       0
       0
       0
       0
       0
       0
       0
       0
       0
       0
       0
       0
       0
       0
       0
       0
$ROI:
0
$PRESETS:
Live Time
240
0
$ENER_FIT:
0.000000 0.000000
$MCA_CAL:
3
0.000000E+000 0.000000E+000 0.000000E+000 
$SHAPE_CAL:
3
0.000000E+000 0.000000E+000 0.000000E+000
