$SPEC_ID:
PRAK02 Easy-MCA-2k SN
$SPEC_REM:
DET# 1
DETDESC# PRAK01 Easy-MCA-2k SN 15071856
AP# Maestro Version 7.01
$DATE_MEA:
03/12/2002 01:05:52
$MEAS_TIM:
240 240
$DATA:
0 511
       0
       0
       0
       0
       0
       0
       3
      39
      90
      93
      38
      10
       4
       4
       1
       0
       2
       1
       0
     822
    1463
    1510
    1471
    1392
    1365
    1296
    1297
    1293
    1235
    1177
    1161
    1189
    1122
    1159
    1126
    1146
    1151
    1157
    1054
    1138
    1159
    1141
    1195
    1151
    1158
    1045
     986
     768
     705
     549
     522
     464
     451
     446
     408
     424
     462
     460
     515
     643
     939
    1589
    2783
    4387
    5765
    7088
    7163
    6319
    4549
    2830
    1529
     681
     251
     106
      37
      17
      14
      18
      20
      12
       8
      11
      11
       9
      11
      13
       8
      10
      11
      12
       9
       9
       7
      12
      12
       9
       6
       6
       7
       8
      14
       5
       5
       7
      15
       5
       8
       8
       8
       4
       2
       7
       7
       6
       7
       5
       7
       3
       6
       5
       5
       6
       5
       6
       9
       4
       4
       5
       0
       4
       4
       4
       6
       1
       3
       4
       4
       6
       5
       6
       5
       5
       9
       5
       5
       6
       3
       4
       3
       2
       1
       2
       0
       1
       2
       1
       2
       3
       1
       1
       0
       1
       2
       2
       0
       0
       1
       1
       2
       1
       3
       1
       1
       2
       0
       0
       1
       1
       1
       1
       3
       0
       1
       0
       1
       2
       1
       2
       1
       2
       1
       1
       0
       1
       1
       1
       0
       1
       0
       3
       0
       0
       1
       0
       2
       2
       2
       0
       0
       0
       1
       3
       0
       0
       0
       1
       1
       2
       0
       0
       0
       0
       0
       0
       0
       0
       0
       0
       0
       0
       1
       0
       0
       0
       0
       0
       1
       0
       1
       1
       0
       0
       0
       0
       1
       0
       0
       0
       0
       0
       0
       1
       0
       0
       0
       0
       0
       0
       1
       0
       0
       0
       0
       0
       1
       0
       0
       0
       0
       0
       0
       0
       0
       0
       0
       0
       0
       0
       0
       0
       1
       0
       0
       0
       0
       0
       0
       0
       0
       0
       0
       0
       0
       0
       0
       0
       0
       1
       0
       0
       0
       1
       0
       0
       0
       0
       0
       0
       0
       0
       0
       0
       0
       0
       1
       1
       0
       0
       0
       0
       0
       0
       1
       0
       1
       0
       0
       0
       0
       0
       0
       0
       0
       0
       0
       0
       0
       0
       0
       0
       0
       0
       0
       0
       0
       0
       0
       0
       0
       0
       1
       0
       0
       0
       0
       0
       0
       0
       0
       0
       0
       0
       0
       0
       0
       0
       0
       0
       0
       0
       0
       0
       0
       0
       0
       0
       0
       0
       0
       0
       0
       0
       0
       0
       0
       0
       0
       0
       0
       0
       0
       0
       0
       0
       0
       1
       0
       0
       0
       0
       0
       0
       0
       0
       0
       0
       0
       0
       0
       0
       0
       0
       0
       0
       0
       0
       0
       0
       1
       0
       0
       0
       0
       0
       0
       0
       0
       0
       0
       0
       0
       0
       1
       0
       0
       0
       0
       0
       0
       0
       0
       0
       0
       0
       0
       0
       0
       0
       0
       0
       0
       0
       0
       0
       0
       0
       0
       0
       0
       0
       0
       0
       0
       0
       0
       0
       0
       0
       0
       0
       0
       0
       0
       0
       0
       0
       0
       0
       0
       0
       0
       0
       0
       0
       0
       0
       0
       0
       0
       0
       0
       0
       0
       0
       0
       0
       0
       0
       0
       0
       0
       0
       0
       0
       0
       0
       0
       0
       0
       0
       0
       0
$ROI:
0
$PRESETS:
Live Time
240
0
$ENER_FIT:
0.000000 0.000000
$MCA_CAL:
3
0.000000E+000 0.000000E+000 0.000000E+000 
$SHAPE_CAL:
3
0.000000E+000 0.000000E+000 0.000000E+000
