$SPEC_ID:
PRAK02 Easy-MCA-2k SN
$SPEC_REM:
DET# 1
DETDESC# PRAK01 Easy-MCA-2k SN 15071856
AP# Maestro Version 7.01
$DATE_MEA:
03/12/2002 01:35:40
$MEAS_TIM:
240 240
$DATA:
0 511
       0
       0
       0
       0
       0
       0
       3
      30
     106
      92
      65
      53
      40
      10
       4
       1
       4
       0
       2
     724
    1317
    1240
    1298
    1181
    1193
    1131
    1106
    1083
    1061
    1083
     993
     964
    1016
    1032
     912
     998
     904
    1043
     986
    1004
    1017
    1055
     972
    1002
     943
     901
     816
     731
     551
     485
     461
     421
     396
     381
     366
     365
     392
     438
     433
     616
     876
    1527
    2383
    3819
    5150
    5940
    6103
    5323
    3810
    2328
    1305
     578
     223
      83
      43
      14
       9
      15
      15
      15
       8
      14
      11
       3
       8
       9
       6
      10
      12
      15
       6
      10
      12
       9
      10
       9
       9
       9
       6
       9
      11
      10
       4
       9
       6
       5
       5
      11
       3
       7
       5
       6
       5
       9
       6
       4
       3
       7
       6
       8
       5
       3
       4
       4
       6
       4
       6
       1
       4
       6
       5
       8
      10
       6
       1
       6
       4
      11
       5
      10
       8
      14
       8
       4
       2
       5
       1
       4
       2
       1
       1
       1
       1
       0
       1
       1
       0
       2
       1
       1
       2
       1
       1
       2
       2
       0
       1
       2
       1
       3
       1
       2
       2
       1
       2
       1
       2
       2
       0
       0
       0
       0
       0
       0
       0
       1
       1
       0
       2
       2
       0
       1
       0
       3
       1
       2
       0
       0
       1
       1
       2
       2
       0
       3
       2
       0
       1
       0
       1
       1
       3
       1
       0
       0
       1
       0
       0
       0
       0
       0
       0
       1
       0
       0
       0
       0
       0
       1
       0
       1
       0
       2
       0
       0
       0
       0
       1
       0
       0
       0
       0
       0
       0
       0
       0
       0
       1
       0
       0
       0
       0
       0
       0
       0
       0
       0
       0
       0
       1
       0
       0
       0
       0
       0
       0
       0
       0
       0
       0
       1
       0
       0
       0
       0
       0
       0
       0
       0
       0
       0
       0
       0
       0
       1
       0
       1
       0
       1
       0
       0
       0
       0
       0
       0
       2
       1
       0
       0
       0
       0
       0
       2
       0
       0
       0
       0
       0
       0
       0
       1
       0
       0
       0
       0
       0
       0
       0
       0
       0
       0
       0
       0
       0
       0
       0
       0
       0
       0
       0
       0
       1
       0
       0
       0
       0
       0
       0
       0
       0
       0
       0
       0
       1
       0
       1
       0
       0
       0
       0
       0
       0
       0
       0
       0
       0
       0
       0
       0
       0
       0
       0
       0
       0
       0
       0
       1
       0
       0
       0
       0
       0
       0
       0
       0
       0
       0
       0
       0
       0
       0
       0
       0
       0
       0
       0
       0
       0
       0
       0
       0
       0
       0
       0
       0
       0
       0
       0
       0
       0
       0
       0
       0
       0
       0
       0
       0
       0
       0
       0
       0
       0
       0
       0
       0
       0
       0
       0
       1
       0
       0
       0
       0
       0
       0
       0
       0
       0
       0
       0
       0
       0
       0
       0
       0
       0
       0
       0
       0
       0
       0
       0
       0
       0
       0
       0
       0
       0
       0
       0
       0
       0
       0
       0
       0
       0
       0
       0
       0
       0
       0
       0
       0
       0
       0
       0
       0
       0
       0
       0
       0
       0
       0
       0
       0
       0
       0
       0
       0
       0
       0
       0
       0
       0
       0
       0
       0
       0
       0
       0
       0
       0
       0
       0
       0
       0
       0
       0
       0
       0
       0
       0
       0
       0
       0
       0
       0
       0
       0
       0
       0
       0
       0
$ROI:
0
$PRESETS:
Live Time
240
0
$ENER_FIT:
0.000000 0.000000
$MCA_CAL:
3
0.000000E+000 0.000000E+000 0.000000E+000 
$SHAPE_CAL:
3
0.000000E+000 0.000000E+000 0.000000E+000
