$SPEC_ID:
PRAK02 Easy-MCA-2k SN
$SPEC_REM:
DET# 1
DETDESC# PRAK01 Easy-MCA-2k SN 15071856
AP# Maestro Version 7.01
$DATE_MEA:
03/12/2002 04:16:16
$MEAS_TIM:
240 240
$DATA:
0 511
       0
       0
       0
       0
       0
       0
       0
       0
       0
       0
       0
       0
       0
       0
       0
       0
       0
       0
       0
     229
     390
     342
     329
     359
     322
     307
     279
     270
     280
     295
     236
     289
     298
     293
     250
     244
     254
     240
     250
     252
     226
     278
     261
     227
     246
     204
     194
     133
     112
     110
      91
     102
     116
      88
     111
      91
     124
     157
     210
     307
     507
     852
    1172
    1458
    1581
    1408
     951
     641
     327
     147
      38
      27
       6
       6
      10
      11
       4
       4
       4
      11
       7
       7
       6
      20
      12
       9
      13
      14
       3
       5
      12
       8
       7
       8
       8
       6
       3
      10
       3
       7
       4
       6
       7
      10
      11
      11
       9
       8
       8
       3
       5
       5
       9
       3
       8
       5
       3
       3
       4
       4
       1
       2
       4
       4
       4
       4
       1
       6
       4
       7
       3
       9
       3
       6
       5
       4
       6
      14
      10
      14
       3
       6
       6
       3
       2
       1
       2
       0
       0
       0
       2
       2
       1
       4
       3
       3
       0
       0
       3
       1
       1
       2
       1
       1
       0
       2
       0
       3
       0
       3
       2
       1
       1
       1
       1
       1
       1
       2
       1
       1
       0
       0
       0
       0
       2
       0
       0
       0
       1
       0
       2
       1
       1
       0
       0
       1
       1
       0
       2
       1
       1
       1
       0
       0
       0
       1
       1
       0
       1
       2
       1
       0
       1
       0
       0
       0
       0
       1
       0
       0
       0
       2
       0
       0
       0
       1
       0
       1
       0
       1
       0
       0
       0
       0
       0
       1
       0
       0
       0
       0
       0
       0
       0
       0
       1
       0
       0
       0
       1
       0
       0
       0
       0
       0
       0
       0
       0
       0
       0
       0
       0
       0
       0
       0
       0
       0
       0
       0
       0
       0
       0
       0
       0
       0
       1
       0
       0
       0
       0
       0
       0
       1
       1
       0
       0
       0
       1
       0
       0
       0
       1
       0
       1
       0
       0
       0
       0
       0
       0
       0
       0
       1
       1
       2
       1
       0
       0
       0
       1
       0
       0
       0
       0
       0
       0
       0
       0
       0
       0
       0
       1
       0
       0
       0
       0
       0
       0
       0
       0
       0
       0
       0
       0
       2
       0
       0
       0
       0
       0
       1
       0
       0
       0
       0
       0
       0
       0
       0
       0
       0
       0
       0
       0
       0
       0
       0
       0
       0
       0
       0
       0
       0
       0
       0
       0
       0
       0
       0
       0
       0
       0
       0
       0
       0
       0
       0
       0
       0
       0
       0
       0
       0
       0
       0
       0
       0
       0
       0
       0
       0
       0
       0
       0
       0
       0
       0
       0
       0
       0
       0
       0
       0
       0
       0
       0
       0
       0
       0
       0
       0
       0
       0
       0
       0
       0
       0
       0
       0
       0
       0
       0
       0
       0
       0
       0
       0
       0
       0
       0
       0
       0
       0
       0
       0
       0
       0
       0
       0
       0
       0
       0
       0
       0
       0
       0
       0
       0
       0
       0
       0
       0
       0
       0
       0
       0
       0
       0
       0
       0
       0
       0
       0
       0
       0
       0
       0
       0
       0
       0
       0
       0
       0
       0
       0
       0
       0
       0
       0
       0
       0
       0
       0
       0
       0
       0
       0
       0
       0
       0
       0
       0
       0
       0
       0
       0
       0
       0
       0
       0
       0
       0
       0
       0
       0
       0
       0
       0
       0
       0
       0
       0
       0
$ROI:
0
$PRESETS:
Live Time
240
0
$ENER_FIT:
0.000000 0.000000
$MCA_CAL:
3
0.000000E+000 0.000000E+000 0.000000E+000 
$SHAPE_CAL:
3
0.000000E+000 0.000000E+000 0.000000E+000
