$SPEC_ID:
PRAK02 Easy-MCA-2k SN
$SPEC_REM:
DET# 1
DETDESC# PRAK01 Easy-MCA-2k SN 15071856
AP# Maestro Version 7.01
$DATE_MEA:
03/12/2002 04:06:10
$MEAS_TIM:
240 240
$DATA:
0 511
       0
       0
       0
       0
       0
       0
       0
       0
       0
       0
       0
       0
       0
       0
       0
       0
       0
       0
       0
     247
     443
     441
     394
     436
     401
     371
     337
     324
     343
     348
     309
     372
     314
     322
     330
     308
     331
     307
     332
     298
     319
     321
     315
     292
     254
     257
     212
     169
     133
     126
     124
      97
     118
     131
     147
     129
     140
     153
     245
     387
     681
    1084
    1583
    1911
    2022
    1787
    1329
     851
     444
     212
      97
      36
      15
      12
       8
       7
       9
       9
       5
      12
      12
       2
       7
       9
       6
       8
       7
       9
       5
      11
      16
       7
      11
       8
       8
      11
       6
       6
       9
       5
       8
       8
       6
       6
       4
       7
      12
       6
       5
       3
       4
       2
       7
       6
       6
       9
       3
       4
       1
       5
       5
       2
       2
       4
       4
       2
       7
       2
       6
       4
       2
       4
       3
       4
       5
       8
       2
      12
       7
       6
       6
       1
       3
       3
       3
       3
       2
       0
       2
       0
       2
       4
       0
       2
       2
       1
       1
       2
       0
       0
       0
       1
       2
       1
       6
       0
       0
       0
       0
       1
       3
       1
       2
       2
       1
       1
       0
       0
       0
       1
       0
       1
       2
       1
       0
       1
       1
       1
       1
       2
       0
       1
       1
       1
       1
       0
       1
       2
       2
       1
       3
       2
       0
       0
       3
       3
       0
       0
       1
       1
       2
       1
       0
       1
       0
       1
       2
       0
       1
       0
       0
       0
       0
       0
       0
       0
       0
       1
       0
       0
       0
       0
       0
       1
       0
       0
       0
       0
       3
       0
       1
       0
       0
       0
       1
       0
       0
       0
       0
       0
       0
       0
       0
       0
       0
       1
       0
       0
       0
       0
       0
       0
       1
       0
       0
       0
       0
       0
       0
       0
       0
       0
       0
       0
       1
       2
       0
       1
       0
       0
       0
       0
       0
       0
       0
       0
       0
       0
       0
       0
       0
       0
       0
       0
       0
       0
       0
       0
       0
       0
       0
       0
       0
       0
       0
       0
       1
       0
       0
       1
       1
       0
       0
       0
       0
       0
       0
       0
       1
       0
       0
       0
       0
       0
       0
       0
       0
       0
       0
       0
       0
       0
       0
       0
       0
       0
       0
       1
       0
       0
       0
       0
       0
       0
       0
       0
       0
       0
       0
       0
       0
       0
       0
       0
       0
       0
       0
       0
       0
       0
       0
       0
       0
       0
       0
       0
       0
       0
       0
       0
       0
       0
       0
       0
       0
       0
       0
       0
       0
       0
       0
       0
       0
       0
       0
       0
       0
       1
       0
       0
       0
       0
       0
       0
       0
       0
       0
       0
       0
       0
       0
       0
       0
       0
       0
       0
       0
       0
       0
       0
       0
       0
       0
       0
       0
       0
       0
       0
       0
       0
       0
       0
       0
       0
       0
       0
       0
       0
       0
       0
       0
       0
       0
       0
       0
       0
       0
       0
       0
       0
       0
       0
       0
       0
       0
       0
       0
       0
       0
       0
       0
       0
       0
       0
       0
       0
       0
       0
       0
       0
       0
       0
       0
       0
       0
       0
       0
       0
       0
       0
       0
       0
       0
       0
       0
       0
       0
       0
       0
       0
       0
       0
       0
       0
       0
       0
       0
       0
       0
       0
       0
       0
       0
       0
       0
       0
       0
       0
       0
       0
       0
       0
       0
       0
       0
       0
       0
       0
       0
       0
       0
       0
$ROI:
0
$PRESETS:
Live Time
240
0
$ENER_FIT:
0.000000 0.000000
$MCA_CAL:
3
0.000000E+000 0.000000E+000 0.000000E+000 
$SHAPE_CAL:
3
0.000000E+000 0.000000E+000 0.000000E+000
