$SPEC_ID:
PRAK02 Easy-MCA-2k SN
$SPEC_REM:
DET# 1
DETDESC# PRAK01 Easy-MCA-2k SN 15071856
AP# Maestro Version 7.01
$DATE_MEA:
03/12/2002 03:36:55
$MEAS_TIM:
240 240
$DATA:
0 511
       0
       0
       0
       0
       0
       0
       0
       0
       0
       0
       0
       0
       0
       0
       0
       0
       0
       0
       0
      87
     152
     157
     146
     125
     131
     130
     118
     119
     102
      94
      97
      95
      81
      84
      80
      67
      67
      69
      71
      58
      72
      58
      56
      60
      61
      46
      30
      38
      34
      35
      34
      45
      30
      36
      37
      47
      26
      39
      54
      73
      88
     125
     200
     247
     237
     194
     139
      89
      53
      36
      19
      17
      10
       9
       9
       6
       3
       8
      11
      10
      15
       7
      13
      10
      12
      16
       9
      16
       8
       7
      11
       8
       6
       3
       5
       6
       4
       2
       9
       7
       4
       4
       6
       6
       6
       4
      11
       5
      11
       6
       8
       2
       4
       8
       1
       2
       4
       6
       7
       3
       2
       5
       1
       3
       6
       3
       2
       1
       3
       6
       6
       7
       3
       7
       4
       4
       4
      10
       7
       0
       7
       4
       3
       2
       1
       3
       1
       3
       0
       0
       0
       0
       2
       1
       1
       1
       0
       0
       1
       2
       0
       4
       2
       2
       2
       3
       4
       1
       0
       0
       1
       0
       0
       1
       1
       1
       1
       0
       1
       0
       2
       1
       0
       0
       3
       0
       0
       0
       0
       1
       0
       2
       0
       1
       1
       1
       0
       0
       3
       1
       1
       1
       0
       0
       2
       1
       2
       0
       0
       1
       2
       3
       0
       0
       1
       1
       1
       0
       3
       1
       0
       0
       0
       0
       0
       0
       0
       1
       0
       0
       0
       0
       0
       1
       0
       0
       0
       1
       0
       0
       0
       0
       0
       0
       1
       0
       0
       0
       0
       0
       1
       0
       0
       0
       0
       0
       0
       1
       0
       0
       0
       0
       0
       0
       0
       0
       0
       0
       0
       0
       0
       0
       0
       0
       0
       0
       1
       0
       0
       0
       0
       1
       1
       0
       0
       0
       0
       0
       1
       0
       0
       0
       0
       0
       1
       0
       0
       0
       0
       1
       0
       0
       0
       0
       0
       0
       0
       0
       0
       0
       1
       0
       0
       0
       0
       0
       0
       0
       0
       0
       0
       0
       0
       0
       0
       0
       0
       0
       0
       0
       0
       0
       0
       0
       0
       0
       0
       0
       0
       0
       0
       0
       0
       0
       0
       0
       0
       0
       0
       0
       0
       0
       0
       0
       0
       0
       0
       0
       0
       0
       0
       0
       0
       0
       0
       0
       0
       0
       0
       0
       0
       0
       0
       0
       0
       0
       0
       0
       0
       0
       0
       0
       0
       0
       0
       0
       0
       0
       0
       0
       0
       0
       0
       0
       0
       0
       0
       0
       0
       0
       0
       0
       0
       0
       0
       0
       0
       0
       0
       0
       0
       0
       0
       0
       0
       0
       0
       0
       0
       0
       0
       0
       0
       0
       0
       0
       0
       0
       0
       0
       0
       0
       0
       0
       0
       0
       0
       0
       0
       0
       0
       0
       0
       0
       0
       0
       0
       0
       0
       0
       0
       0
       0
       0
       0
       0
       0
       0
       0
       0
       0
       0
       0
       0
       0
       0
       0
       0
       0
       0
       0
       0
       0
       0
       0
       0
       0
       0
       0
       0
       0
       0
       0
       0
       0
       0
       0
       0
       0
       0
       0
       0
       0
       0
       0
       0
       0
       0
       0
       0
       0
       0
       0
       0
       0
       0
       0
       0
       0
       0
       0
       0
$ROI:
0
$PRESETS:
Live Time
240
0
$ENER_FIT:
0.000000 0.000000
$MCA_CAL:
3
0.000000E+000 0.000000E+000 0.000000E+000 
$SHAPE_CAL:
3
0.000000E+000 0.000000E+000 0.000000E+000
