$SPEC_ID:
PRAK02 Easy-MCA-2k SN
$SPEC_REM:
DET# 1
DETDESC# PRAK01 Easy-MCA-2k SN 15071856
AP# Maestro Version 7.01
$DATE_MEA:
03/12/2002 02:31:41
$MEAS_TIM:
240 240
$DATA:
0 511
       0
       0
       0
       0
       0
       0
       0
       2
       6
       6
       1
       0
       0
       0
       0
       0
       1
       0
       2
      93
     163
     158
     153
     135
     130
     136
     127
     104
     102
     103
      90
     110
      85
      76
      73
      91
      72
      49
      80
      66
      63
      65
      60
      58
      47
      45
      44
      43
      51
      39
      24
      40
      34
      26
      26
      30
      48
      64
      61
      91
     127
     162
     231
     260
     250
     194
     115
      68
      51
      22
      16
      11
       4
      15
      10
       6
       5
       7
       5
       6
       4
       9
      10
       7
       7
       5
      10
      10
       7
       7
       3
       6
       7
       3
       8
       7
       5
       4
      10
       5
       4
      10
       5
       7
       8
       4
       7
       6
       5
       3
       4
       9
       1
       2
       2
       7
       4
       1
       5
       1
       6
       5
       2
       4
       4
       3
       5
       3
       5
       2
       5
       5
       5
      10
       7
       9
      13
       6
       3
       5
       5
       3
       6
       3
       2
       1
       3
       2
       1
       0
       2
       0
       1
       2
       1
       1
       1
       3
       0
       2
       0
       1
       2
       1
       2
       2
       1
       1
       0
       0
       1
       1
       0
       0
       0
       1
       2
       3
       1
       0
       0
       3
       1
       0
       2
       0
       1
       0
       1
       1
       0
       0
       0
       1
       1
       2
       0
       0
       1
       2
       0
       2
       2
       2
       1
       0
       1
       1
       1
       0
       0
       2
       0
       1
       1
       0
       0
       0
       1
       1
       0
       1
       1
       0
       1
       0
       0
       0
       0
       0
       0
       0
       0
       0
       0
       1
       0
       0
       0
       0
       0
       0
       0
       0
       0
       0
       1
       1
       1
       0
       0
       0
       0
       0
       0
       0
       1
       0
       0
       0
       0
       0
       0
       0
       0
       1
       0
       0
       0
       1
       0
       0
       0
       0
       0
       0
       0
       0
       0
       0
       0
       1
       0
       0
       0
       1
       0
       0
       0
       0
       0
       1
       0
       0
       0
       0
       0
       0
       0
       0
       0
       0
       0
       1
       0
       1
       0
       0
       0
       0
       0
       0
       0
       0
       0
       0
       0
       1
       0
       0
       0
       0
       0
       1
       0
       0
       1
       0
       0
       0
       0
       0
       0
       0
       0
       0
       0
       0
       0
       0
       0
       0
       0
       0
       0
       0
       0
       0
       0
       0
       0
       0
       0
       0
       0
       0
       0
       0
       0
       0
       0
       0
       0
       0
       0
       0
       0
       0
       0
       0
       0
       0
       0
       0
       0
       0
       0
       0
       0
       0
       0
       0
       0
       0
       0
       0
       0
       0
       0
       0
       0
       0
       0
       0
       0
       0
       0
       0
       0
       0
       0
       0
       0
       0
       0
       0
       0
       0
       0
       0
       0
       0
       0
       0
       0
       0
       0
       0
       0
       0
       0
       0
       0
       0
       0
       0
       0
       0
       0
       0
       0
       0
       0
       0
       0
       0
       0
       0
       0
       0
       0
       0
       0
       0
       0
       0
       0
       0
       0
       0
       0
       0
       0
       0
       0
       0
       0
       0
       0
       0
       0
       0
       0
       0
       0
       0
       0
       0
       0
       0
       0
       0
       0
       0
       0
       0
       0
       0
       0
       0
       0
       0
       0
       0
       0
       0
       0
       0
       0
       0
       0
       0
       0
       0
       0
       0
       0
       0
       0
       0
       0
       0
       0
       0
       0
       0
       0
       0
       0
       0
       0
       0
$ROI:
0
$PRESETS:
Live Time
240
0
$ENER_FIT:
0.000000 0.000000
$MCA_CAL:
3
0.000000E+000 0.000000E+000 0.000000E+000 
$SHAPE_CAL:
3
0.000000E+000 0.000000E+000 0.000000E+000
