$SPEC_ID:
PRAK02 Easy-MCA-2k SN
$SPEC_REM:
DET# 1
DETDESC# PRAK01 Easy-MCA-2k SN 15071856
AP# Maestro Version 7.01
$DATE_MEA:
03/12/2002 02:56:21
$MEAS_TIM:
240 240
$DATA:
0 511
       0
       0
       0
       0
       0
       0
       0
       0
       0
       0
       0
       0
       0
       0
       0
       0
       0
       0
       0
      83
     159
     185
     157
     141
     131
     123
     135
     104
     117
     116
     102
      85
      99
      84
      67
      73
      80
      67
      79
      70
      76
      73
      65
      67
      71
      52
      63
      45
      48
      39
      44
      36
      22
      34
      24
      35
      44
      42
      60
      71
     128
     152
     238
     257
     255
     235
     148
     104
      61
      33
      20
      13
       9
       9
      10
       5
      11
       9
      10
      10
      10
       3
      12
       5
      12
       8
      10
       8
      13
       9
       6
       9
       6
       7
      14
       8
       8
      11
       5
       6
       4
       5
       8
       6
       7
       6
       7
       6
       5
       6
       7
       8
       5
       2
       4
       4
       1
       7
       2
       2
       2
       3
       0
       1
       1
       4
       3
       4
       7
       5
       4
       7
       3
       9
       8
      12
       9
       9
       4
       7
       4
       5
       2
       4
       2
       0
       1
       2
       0
       2
       2
       1
       0
       1
       2
       1
       1
       3
       1
       1
       1
       1
       2
       4
       4
       3
       6
       3
       2
       1
       0
       1
       1
       0
       0
       3
       0
       1
       0
       1
       1
       0
       0
       0
       1
       1
       0
       1
       0
       1
       0
       2
       0
       0
       0
       1
       2
       0
       0
       1
       1
       0
       1
       1
       0
       0
       0
       0
       1
       1
       1
       1
       0
       0
       0
       0
       0
       0
       0
       1
       0
       0
       0
       0
       0
       0
       2
       1
       0
       0
       0
       0
       0
       0
       0
       0
       0
       1
       0
       0
       0
       1
       1
       0
       0
       0
       0
       0
       0
       0
       0
       0
       0
       0
       0
       0
       0
       0
       0
       0
       0
       1
       0
       0
       0
       0
       0
       0
       0
       0
       0
       0
       0
       0
       0
       0
       0
       0
       0
       0
       0
       0
       0
       0
       0
       0
       0
       0
       0
       0
       0
       0
       0
       0
       1
       0
       0
       0
       0
       1
       0
       0
       0
       0
       0
       0
       0
       0
       0
       0
       0
       0
       0
       0
       0
       0
       0
       0
       0
       0
       0
       0
       0
       0
       0
       1
       0
       0
       0
       0
       0
       0
       0
       0
       0
       0
       0
       0
       0
       1
       0
       0
       0
       0
       0
       0
       0
       0
       0
       0
       0
       0
       0
       0
       0
       0
       0
       0
       0
       0
       0
       0
       0
       0
       0
       0
       0
       0
       0
       0
       0
       0
       0
       0
       0
       0
       0
       0
       0
       0
       0
       0
       0
       0
       0
       0
       0
       0
       0
       0
       0
       0
       0
       0
       0
       0
       0
       0
       0
       0
       0
       0
       0
       0
       0
       0
       0
       0
       0
       0
       0
       0
       0
       0
       0
       0
       0
       0
       0
       0
       0
       0
       0
       0
       0
       0
       0
       0
       0
       0
       0
       0
       0
       0
       0
       0
       0
       0
       0
       0
       0
       0
       0
       0
       0
       0
       0
       0
       0
       0
       0
       0
       0
       0
       0
       0
       0
       0
       0
       0
       0
       0
       0
       0
       0
       0
       0
       0
       0
       0
       0
       0
       0
       0
       0
       0
       0
       0
       0
       0
       0
       0
       0
       0
       0
       0
       0
       0
       0
       0
       0
       0
       0
       0
       0
       0
       0
       0
       0
       0
       0
       0
       0
       0
       0
       0
       0
       0
       0
       0
       0
       0
$ROI:
0
$PRESETS:
Live Time
240
0
$ENER_FIT:
0.000000 0.000000
$MCA_CAL:
3
0.000000E+000 0.000000E+000 0.000000E+000 
$SHAPE_CAL:
3
0.000000E+000 0.000000E+000 0.000000E+000
