$SPEC_ID:
PRAK02 Easy-MCA-2k SN
$SPEC_REM:
DET# 1
DETDESC# PRAK01 Easy-MCA-2k SN 15071856
AP# Maestro Version 7.01
$DATE_MEA:
03/12/2002 04:35:15
$MEAS_TIM:
240 240
$DATA:
0 511
       0
       0
       0
       0
       0
       0
       0
       8
      30
      17
       5
       1
       0
       0
       0
       0
       0
       0
       0
     168
     320
     295
     319
     263
     271
     269
     267
     272
     211
     222
     231
     210
     197
     188
     215
     222
     187
     197
     207
     196
     245
     198
     221
     195
     163
     130
     147
     110
      98
      95
     100
      80
      84
      65
      94
     101
     107
     118
     174
     274
     458
     679
     955
    1219
    1197
    1138
     804
     549
     277
     112
      51
      22
      10
       8
       8
       6
      17
      13
      11
       6
      10
       6
      10
       3
       5
      16
       7
       8
       5
       8
       6
       9
       9
       7
       8
       7
       8
       4
       7
       7
       2
       6
      10
       8
       9
       5
       7
       7
       8
       8
       7
       5
       8
       5
       3
       5
       5
       8
       2
       2
       3
       3
       0
       2
       5
       2
       2
       3
       2
       3
       2
       6
       6
       5
       4
       5
      10
       9
       7
       7
       8
       4
       3
       1
       3
       4
       3
       0
       0
       1
       0
       3
       2
       2
       2
       2
       2
       0
       0
       1
       1
       2
       3
       1
       3
       0
       0
       2
       0
       1
       1
       0
       1
       1
       0
       1
       1
       3
       1
       0
       1
       2
       0
       0
       2
       0
       2
       2
       0
       0
       1
       0
       2
       0
       1
       0
       0
       0
       3
       2
       0
       2
       0
       1
       2
       2
       2
       0
       0
       0
       0
       2
       0
       0
       0
       0
       0
       1
       0
       1
       0
       1
       1
       0
       0
       0
       0
       1
       0
       0
       0
       0
       0
       0
       0
       0
       0
       0
       1
       0
       0
       0
       0
       0
       0
       0
       0
       0
       0
       0
       0
       0
       0
       0
       0
       0
       1
       0
       0
       0
       1
       0
       1
       0
       0
       0
       0
       0
       0
       0
       0
       0
       0
       0
       1
       0
       0
       0
       0
       0
       1
       1
       0
       0
       0
       0
       0
       0
       0
       0
       0
       0
       0
       0
       1
       0
       0
       0
       0
       0
       0
       0
       0
       0
       0
       0
       0
       1
       2
       0
       0
       0
       1
       1
       0
       0
       1
       2
       0
       0
       0
       0
       0
       0
       0
       0
       0
       0
       0
       0
       1
       1
       0
       0
       0
       0
       0
       0
       0
       0
       0
       0
       0
       0
       0
       0
       0
       0
       0
       0
       0
       0
       0
       0
       0
       0
       0
       0
       0
       0
       0
       0
       0
       0
       0
       0
       0
       0
       0
       0
       0
       0
       0
       0
       0
       0
       0
       0
       0
       0
       0
       0
       0
       0
       0
       0
       0
       0
       0
       0
       0
       0
       0
       0
       0
       0
       0
       0
       0
       0
       0
       0
       0
       0
       0
       0
       0
       0
       0
       0
       0
       0
       0
       0
       1
       0
       0
       0
       0
       0
       0
       0
       0
       0
       0
       0
       0
       0
       0
       0
       0
       0
       0
       0
       0
       0
       0
       0
       0
       0
       0
       0
       0
       0
       0
       0
       0
       0
       0
       0
       0
       0
       0
       0
       0
       0
       0
       0
       0
       0
       0
       0
       0
       0
       0
       0
       0
       0
       0
       0
       0
       0
       0
       0
       0
       0
       0
       0
       0
       0
       0
       0
       0
       0
       0
       0
       0
       0
       0
       0
       0
       0
       0
       0
       0
       0
       0
       0
       0
       0
       0
       0
       0
       0
       0
       0
       0
       0
       0
       0
       0
       0
$ROI:
0
$PRESETS:
Live Time
240
0
$ENER_FIT:
0.000000 0.000000
$MCA_CAL:
3
0.000000E+000 0.000000E+000 0.000000E+000 
$SHAPE_CAL:
3
0.000000E+000 0.000000E+000 0.000000E+000
