$SPEC_ID:
PRAK02 Easy-MCA-2k SN
$SPEC_REM:
DET# 1
DETDESC# PRAK01 Easy-MCA-2k SN 15071856
AP# Maestro Version 7.01
$DATE_MEA:
03/12/2002 03:45:11
$MEAS_TIM:
240 240
$DATA:
0 511
       0
       0
       0
       0
       0
       0
       0
       0
       0
       0
       0
       0
       2
       0
       0
       0
       1
       0
       4
     677
    1308
    1169
    1182
    1117
    1181
    1115
    1013
    1100
    1001
     997
     939
     969
     958
     934
     958
     925
     942
     984
     954
     951
     960
    1005
     954
     912
     864
     802
     596
     531
     492
     425
     398
     365
     344
     337
     366
     344
     392
     449
     611
     986
    1766
    2957
    4367
    5658
    5990
    5654
    4398
    2915
    1523
     744
     255
     102
      35
      14
      26
      11
      11
      10
       7
       8
       6
       5
       8
      14
      10
       7
       8
       8
       6
      13
       8
       5
       8
       8
       6
       8
       6
       7
       6
       5
      10
       4
       4
       9
       6
       8
       7
       7
       9
       5
       8
       5
       4
       4
       4
       5
       7
       5
       5
       6
       1
       4
       5
       1
       5
       5
       0
       3
       2
       5
       7
       4
       3
       6
      10
       6
       7
       5
       4
       3
       5
       8
       4
       4
       0
       5
       1
       2
       1
       2
       3
       0
       1
       0
       3
       0
       1
       1
       0
       2
       1
       4
       0
       3
       1
       3
       1
       1
       1
       1
       0
       1
       0
       0
       1
       1
       1
       2
       2
       0
       1
       2
       0
       1
       0
       0
       1
       1
       0
       3
       0
       0
       2
       0
       1
       0
       0
       0
       2
       0
       2
       1
       3
       1
       0
       1
       2
       0
       2
       1
       1
       1
       1
       0
       0
       1
       0
       1
       0
       1
       1
       0
       0
       0
       0
       0
       0
       0
       0
       0
       0
       0
       0
       0
       1
       0
       0
       0
       0
       1
       0
       0
       0
       0
       0
       0
       0
       0
       0
       0
       0
       0
       0
       0
       0
       0
       0
       0
       0
       0
       0
       0
       1
       0
       0
       0
       0
       0
       0
       1
       0
       0
       0
       0
       0
       0
       0
       0
       0
       0
       0
       0
       0
       0
       0
       0
       0
       1
       0
       0
       0
       0
       0
       0
       0
       0
       0
       0
       0
       0
       0
       0
       0
       0
       0
       0
       0
       0
       0
       0
       0
       0
       0
       0
       0
       0
       0
       0
       0
       0
       0
       0
       0
       0
       0
       1
       0
       0
       0
       0
       0
       0
       0
       0
       0
       0
       0
       0
       0
       0
       0
       0
       0
       0
       0
       0
       0
       0
       0
       0
       0
       0
       0
       0
       0
       0
       0
       0
       0
       0
       1
       0
       0
       0
       0
       0
       0
       0
       0
       0
       0
       0
       0
       0
       0
       0
       0
       0
       0
       0
       0
       0
       0
       0
       0
       0
       0
       0
       0
       0
       0
       0
       0
       0
       0
       0
       0
       0
       0
       0
       0
       0
       0
       0
       0
       0
       0
       0
       0
       0
       0
       0
       0
       0
       0
       0
       0
       0
       0
       0
       0
       0
       0
       0
       0
       0
       0
       0
       0
       0
       0
       0
       0
       0
       0
       0
       0
       0
       0
       0
       0
       0
       0
       0
       0
       0
       0
       0
       0
       0
       0
       0
       0
       0
       0
       0
       0
       0
       0
       0
       0
       0
       0
       0
       0
       0
       0
       0
       0
       0
       0
       0
       0
       0
       0
       0
       0
       0
       0
       0
       0
       0
       0
       0
       0
       0
       0
       0
       0
       0
       0
       0
       0
       0
       0
       0
       0
       0
       0
       0
       0
       0
       0
       0
       0
       0
       0
       0
       0
       0
       0
       0
$ROI:
0
$PRESETS:
Live Time
240
0
$ENER_FIT:
0.000000 0.000000
$MCA_CAL:
3
0.000000E+000 0.000000E+000 0.000000E+000 
$SHAPE_CAL:
3
0.000000E+000 0.000000E+000 0.000000E+000
