$SPEC_ID:
PRAK02 Easy-MCA-2k SN
$SPEC_REM:
DET# 1
DETDESC# PRAK01 Easy-MCA-2k SN 15071856
AP# Maestro Version 7.01
$DATE_MEA:
03/12/2002 02:03:24
$MEAS_TIM:
240 240
$DATA:
0 511
       0
       0
       0
       0
       1
       0
       2
      38
      94
      92
      52
      39
      34
      11
       3
       1
       0
       2
       3
     705
    1296
    1284
    1266
    1189
    1221
    1130
    1104
    1106
    1070
     984
     993
     994
    1004
     924
     985
     899
     975
     985
    1007
     953
     964
    1007
     993
     969
     969
     869
     810
     617
     534
     531
     445
     401
     407
     324
     365
     390
     376
     385
     448
     558
     837
    1446
    2393
    3818
    5111
    5908
    6023
    5247
    3779
    2287
    1148
     544
     211
      71
      36
      19
      20
      18
       6
       7
       8
      10
      11
       9
       7
       8
      10
       5
       5
       6
       9
       9
       7
       3
      14
      12
       6
       5
       3
       7
      10
       4
       6
       4
       8
       5
       9
       6
       4
      14
      13
       7
      12
       3
       6
       5
       5
       4
       4
       2
       2
       5
       5
       4
       6
       2
       2
       3
       3
       2
       3
       3
       3
       3
       5
       7
       7
       5
       6
       7
       6
       7
       8
       8
       5
       5
       3
       3
       4
       1
       0
       2
       1
       2
       1
       3
       1
       3
       2
       0
       1
       0
       1
       3
       0
       2
       1
       1
       2
       4
       1
       1
       1
       0
       0
       3
       0
       0
       1
       1
       1
       1
       0
       1
       1
       1
       1
       1
       0
       0
       0
       0
       1
       0
       1
       0
       1
       0
       0
       0
       1
       2
       2
       0
       1
       1
       0
       0
       2
       2
       0
       1
       0
       0
       1
       2
       0
       0
       1
       1
       1
       2
       2
       0
       0
       0
       0
       0
       2
       0
       1
       0
       0
       0
       0
       0
       0
       0
       0
       0
       0
       1
       0
       0
       1
       0
       0
       0
       0
       1
       1
       0
       0
       0
       0
       0
       0
       0
       0
       0
       0
       0
       0
       0
       0
       0
       0
       0
       0
       0
       0
       0
       0
       0
       1
       0
       0
       0
       1
       0
       0
       0
       0
       0
       0
       0
       0
       0
       0
       0
       0
       0
       0
       0
       1
       0
       0
       0
       1
       0
       0
       1
       0
       1
       0
       0
       0
       2
       0
       0
       0
       0
       0
       0
       0
       0
       0
       0
       0
       1
       1
       0
       1
       1
       0
       0
       0
       1
       0
       2
       0
       0
       0
       1
       1
       1
       0
       0
       0
       0
       0
       0
       0
       0
       0
       0
       0
       1
       0
       0
       0
       0
       0
       0
       0
       0
       0
       0
       0
       0
       0
       0
       0
       0
       0
       0
       0
       0
       0
       0
       0
       1
       0
       0
       0
       0
       0
       0
       0
       0
       0
       0
       0
       0
       0
       0
       0
       0
       0
       0
       0
       0
       0
       0
       0
       0
       0
       0
       0
       0
       0
       0
       0
       0
       0
       0
       0
       0
       0
       0
       0
       0
       0
       0
       0
       0
       0
       0
       0
       0
       0
       0
       0
       0
       0
       0
       0
       0
       0
       0
       0
       0
       0
       1
       0
       0
       0
       0
       0
       0
       0
       0
       0
       0
       0
       0
       0
       0
       0
       0
       0
       0
       0
       0
       0
       0
       0
       0
       0
       0
       0
       0
       0
       0
       0
       0
       0
       0
       0
       0
       0
       0
       0
       0
       0
       0
       0
       0
       0
       0
       0
       0
       0
       0
       0
       0
       0
       0
       0
       0
       0
       0
       0
       0
       0
       0
       0
       0
       0
       0
       0
       0
       0
       0
       0
       0
       0
       0
       0
       0
       0
       0
$ROI:
0
$PRESETS:
Live Time
240
0
$ENER_FIT:
0.000000 0.000000
$MCA_CAL:
3
0.000000E+000 0.000000E+000 0.000000E+000 
$SHAPE_CAL:
3
0.000000E+000 0.000000E+000 0.000000E+000
