$SPEC_ID:
PRAK02 Easy-MCA-2k SN
$SPEC_REM:
DET# 1
DETDESC# PRAK01 Easy-MCA-2k SN 15071856
AP# Maestro Version 7.01
$DATE_MEA:
03/12/2002 03:02:08
$MEAS_TIM:
240 240
$DATA:
0 511
       0
       0
       0
       0
       0
       0
       0
       0
       0
       0
       0
       0
       0
       0
       0
       0
       0
       0
       1
      99
     156
     167
     146
     149
     142
     118
     131
     106
      98
      88
      98
      90
      97
      75
      83
      76
      73
      63
      52
      67
      66
      75
      54
      57
      50
      56
      46
      37
      28
      47
      34
      36
      22
      39
      16
      35
      30
      33
      37
      63
      99
     138
     158
     218
     223
     198
     158
      96
      53
      29
      23
      19
      11
      12
      13
       9
       8
       7
       6
      11
       7
       8
       6
      15
       6
       6
      11
       6
      10
       7
       9
       5
       8
       5
      12
       8
       6
       6
       5
       9
       9
       7
       6
       6
       7
       4
       8
       8
       6
       4
       3
       9
       4
       2
       1
       5
       5
       1
       3
       6
       1
       4
       6
       4
       0
       0
       2
       2
       0
       3
       1
       8
       6
       2
       8
      10
       7
       3
       7
       6
       5
       3
       4
       3
       5
       1
       0
       1
       0
       3
       0
       2
       1
       1
       0
       1
       0
       3
       3
       1
       1
       2
       1
       0
       1
       4
       1
       1
       1
       3
       0
       1
       2
       0
       1
       0
       0
       2
       0
       0
       0
       0
       0
       1
       1
       1
       1
       0
       1
       0
       0
       3
       0
       1
       0
       2
       1
       0
       0
       1
       2
       1
       0
       0
       0
       3
       1
       1
       0
       0
       1
       1
       0
       1
       3
       1
       0
       0
       0
       0
       0
       1
       0
       1
       0
       0
       0
       0
       0
       0
       0
       0
       0
       0
       1
       0
       0
       0
       0
       0
       0
       0
       0
       0
       0
       0
       0
       0
       0
       0
       0
       1
       0
       0
       0
       0
       0
       0
       0
       0
       0
       0
       0
       0
       0
       0
       0
       0
       0
       0
       0
       0
       0
       0
       0
       0
       0
       0
       0
       1
       1
       1
       0
       0
       1
       0
       0
       0
       1
       0
       0
       0
       0
       0
       1
       0
       0
       0
       0
       0
       0
       0
       0
       0
       0
       0
       0
       0
       0
       0
       0
       0
       0
       0
       0
       0
       0
       0
       0
       0
       0
       0
       0
       0
       0
       0
       0
       0
       0
       0
       1
       0
       0
       0
       0
       1
       0
       0
       0
       0
       0
       0
       0
       0
       0
       0
       0
       0
       0
       0
       0
       0
       0
       0
       0
       0
       0
       0
       0
       0
       0
       0
       0
       0
       0
       0
       0
       0
       0
       0
       0
       0
       0
       0
       0
       0
       0
       0
       0
       0
       0
       0
       0
       0
       0
       0
       0
       0
       0
       0
       0
       0
       0
       0
       0
       0
       0
       0
       0
       0
       0
       0
       0
       0
       0
       0
       0
       0
       0
       0
       0
       0
       0
       0
       0
       0
       0
       0
       0
       0
       0
       0
       0
       0
       0
       0
       0
       0
       0
       0
       0
       0
       0
       0
       0
       0
       0
       0
       0
       0
       0
       0
       0
       0
       0
       0
       0
       0
       0
       0
       0
       0
       0
       0
       0
       0
       0
       0
       0
       0
       0
       0
       0
       0
       0
       0
       0
       0
       0
       0
       0
       0
       0
       0
       0
       0
       0
       0
       0
       0
       0
       0
       0
       0
       0
       0
       0
       0
       0
       0
       0
       0
       0
       0
       0
       0
       0
       0
       0
       0
       0
       0
       0
       0
       0
       0
       0
       0
       0
       0
       0
       0
$ROI:
0
$PRESETS:
Live Time
240
0
$ENER_FIT:
0.000000 0.000000
$MCA_CAL:
3
0.000000E+000 0.000000E+000 0.000000E+000 
$SHAPE_CAL:
3
0.000000E+000 0.000000E+000 0.000000E+000
