$SPEC_ID:
PRAK02 Easy-MCA-2k SN
$SPEC_REM:
DET# 1
DETDESC# PRAK01 Easy-MCA-2k SN 15071856
AP# Maestro Version 7.01
$DATE_MEA:
03/12/2002 01:20:26
$MEAS_TIM:
240 240
$DATA:
0 511
       0
       0
       0
       0
       0
       0
       0
      10
      56
      43
      18
       5
       3
       1
       1
       0
       0
       3
       4
     736
    1311
    1299
    1217
    1158
    1172
    1114
    1086
    1071
    1085
    1002
    1039
    1010
     988
     970
     978
    1028
     964
     960
     991
     990
    1005
    1048
    1006
    1040
     966
     894
     759
     686
     581
     564
     443
     425
     411
     339
     357
     354
     358
     417
     478
     564
     864
    1364
    2311
    3688
    5070
    5936
    6121
    5231
    3854
    2340
    1268
     580
     228
      90
      25
      19
      11
      13
       5
      13
      11
      12
      11
      10
      10
       7
       9
       9
      12
      10
      10
       6
       6
       9
       9
       6
      13
      15
       7
       7
       9
       6
       8
       8
      11
       8
       5
       6
       4
       7
       6
       9
       7
       5
       6
       6
       7
       5
       3
       3
       2
       5
       3
       4
       5
       2
       5
       1
       2
       4
       4
       0
       6
       4
       6
       6
       4
       8
       3
       6
       3
       3
       9
       4
       6
       0
       6
       1
       1
       0
       1
       1
       3
       0
       0
       2
       2
       0
       1
       0
       1
       3
       0
       0
       2
       1
       0
       1
       1
       1
       1
       2
       1
       1
       0
       1
       1
       1
       1
       2
       2
       0
       0
       0
       2
       2
       0
       2
       3
       0
       0
       0
       1
       3
       0
       3
       0
       0
       0
       0
       1
       0
       0
       2
       1
       1
       1
       0
       1
       1
       1
       0
       0
       0
       1
       1
       0
       2
       0
       0
       1
       1
       0
       1
       0
       0
       0
       0
       0
       1
       0
       1
       1
       0
       0
       0
       1
       0
       0
       0
       0
       0
       0
       0
       0
       1
       0
       0
       0
       0
       0
       0
       0
       0
       0
       0
       0
       0
       0
       0
       0
       0
       0
       0
       0
       1
       0
       0
       0
       0
       0
       0
       0
       0
       0
       0
       1
       0
       0
       0
       0
       0
       0
       1
       0
       0
       0
       1
       0
       0
       0
       0
       0
       0
       0
       0
       1
       0
       0
       0
       0
       0
       0
       0
       0
       0
       0
       0
       0
       0
       0
       0
       0
       0
       0
       0
       0
       0
       0
       0
       0
       0
       0
       0
       0
       0
       0
       0
       0
       1
       0
       0
       0
       1
       0
       0
       0
       0
       0
       0
       0
       0
       1
       0
       0
       0
       0
       0
       0
       0
       0
       0
       0
       0
       0
       0
       0
       0
       0
       0
       0
       0
       0
       0
       0
       0
       0
       0
       0
       0
       0
       0
       0
       0
       0
       0
       0
       0
       0
       0
       0
       0
       0
       0
       0
       0
       0
       0
       0
       0
       0
       0
       0
       0
       0
       0
       0
       0
       0
       0
       0
       0
       0
       0
       0
       0
       0
       0
       0
       0
       0
       0
       0
       0
       0
       0
       0
       0
       0
       0
       0
       0
       0
       0
       0
       0
       0
       0
       1
       0
       0
       0
       0
       0
       0
       0
       0
       0
       0
       0
       0
       0
       0
       1
       0
       0
       0
       0
       0
       0
       0
       0
       0
       0
       0
       0
       0
       0
       0
       0
       0
       0
       0
       0
       0
       0
       0
       0
       0
       0
       0
       0
       0
       0
       0
       0
       0
       0
       0
       0
       0
       0
       0
       0
       0
       0
       0
       0
       0
       0
       0
       0
       0
       0
       0
       0
       0
       0
       0
       0
       0
       0
       0
       0
       0
       0
       0
       0
       0
       0
       0
       0
$ROI:
0
$PRESETS:
Live Time
240
0
$ENER_FIT:
0.000000 0.000000
$MCA_CAL:
3
0.000000E+000 0.000000E+000 0.000000E+000 
$SHAPE_CAL:
3
0.000000E+000 0.000000E+000 0.000000E+000
