$SPEC_ID:
PRAK02 Easy-MCA-2k SN
$SPEC_REM:
DET# 1
DETDESC# PRAK01 Easy-MCA-2k SN 15071856
AP# Maestro Version 7.01
$DATE_MEA:
03/12/2002 02:46:38
$MEAS_TIM:
240 240
$DATA:
0 511
       0
       0
       0
       0
       0
       0
       0
       0
       0
       0
       0
       0
       0
       0
       0
       0
       0
       0
       1
     124
     254
     250
     220
     238
     234
     196
     207
     187
     166
     159
     170
     161
     152
     174
     158
     151
     140
     143
     155
     145
     136
     146
     129
     120
     138
     111
      85
      96
      71
      63
      75
      68
      52
      76
      65
      74
      96
      78
      92
     177
     270
     374
     515
     591
     645
     574
     436
     248
     155
      72
      30
      18
      11
       7
       7
       8
      11
      10
       9
       7
       6
      10
       6
       3
      10
      10
       9
      11
       9
       5
       4
       6
       5
       6
       7
       3
       8
       8
       8
       9
      10
       5
       7
       7
       5
      11
       3
       7
       3
       6
       2
       5
       8
       5
       6
       6
       7
       4
       2
       4
       7
       1
       3
       3
       2
       2
       0
       6
       2
       3
       3
       4
       7
       8
       4
       6
       7
       9
      13
       8
       4
       5
       3
       6
       1
       2
       0
       3
       2
       2
       1
       1
       3
       1
       2
       2
       1
       3
       1
       2
       1
       2
       2
       2
       1
       0
       2
       2
       2
       1
       2
       1
       1
       1
       3
       2
       1
       1
       0
       2
       1
       0
       0
       3
       1
       1
       0
       1
       1
       0
       1
       2
       1
       0
       0
       1
       0
       2
       0
       1
       0
       1
       1
       0
       2
       1
       1
       1
       0
       0
       1
       0
       0
       0
       0
       0
       1
       0
       0
       1
       0
       0
       0
       0
       0
       0
       0
       0
       0
       0
       0
       0
       0
       0
       0
       0
       0
       0
       0
       0
       0
       0
       0
       0
       1
       0
       0
       0
       1
       0
       0
       0
       0
       0
       0
       1
       0
       0
       0
       0
       0
       0
       0
       0
       0
       0
       0
       0
       0
       0
       1
       0
       0
       0
       0
       0
       0
       3
       0
       0
       0
       1
       1
       0
       0
       0
       1
       0
       1
       0
       0
       0
       0
       0
       0
       0
       0
       0
       0
       0
       0
       0
       0
       0
       1
       0
       0
       1
       0
       0
       0
       0
       1
       0
       0
       1
       0
       0
       0
       0
       0
       0
       0
       0
       0
       0
       0
       0
       0
       0
       0
       0
       0
       0
       0
       0
       0
       0
       0
       0
       0
       0
       0
       0
       0
       0
       0
       0
       0
       0
       0
       0
       0
       0
       0
       0
       0
       0
       0
       0
       0
       0
       0
       0
       0
       0
       0
       0
       0
       0
       0
       0
       0
       0
       0
       0
       0
       0
       0
       0
       0
       0
       0
       0
       0
       0
       0
       0
       0
       0
       0
       0
       0
       0
       0
       0
       0
       0
       0
       0
       1
       0
       0
       0
       0
       0
       0
       0
       0
       0
       0
       0
       0
       0
       0
       0
       0
       0
       0
       0
       0
       0
       0
       0
       0
       0
       0
       0
       0
       0
       0
       0
       0
       0
       0
       0
       0
       0
       0
       0
       0
       0
       0
       0
       0
       0
       0
       0
       0
       0
       0
       0
       0
       0
       0
       0
       0
       0
       0
       0
       0
       0
       0
       0
       0
       0
       0
       0
       0
       0
       0
       0
       0
       0
       0
       0
       0
       0
       0
       0
       0
       0
       0
       0
       0
       0
       0
       0
       0
       0
       0
       0
       0
       0
       0
       0
       0
       0
       0
       0
       0
       0
       0
       0
       0
       0
       0
       0
       0
       0
       0
       0
$ROI:
0
$PRESETS:
Live Time
240
0
$ENER_FIT:
0.000000 0.000000
$MCA_CAL:
3
0.000000E+000 0.000000E+000 0.000000E+000 
$SHAPE_CAL:
3
0.000000E+000 0.000000E+000 0.000000E+000
