$SPEC_ID:
PRAK02 Easy-MCA-2k SN
$SPEC_REM:
DET# 1
DETDESC# PRAK01 Easy-MCA-2k SN 15071856
AP# Maestro Version 7.01
$DATE_MEA:
03/12/2002 00:54:28
$MEAS_TIM:
240 240
$DATA:
0 511
       0
       0
       0
       0
       0
       0
       1
       9
      52
      41
      15
       4
       1
       1
       0
       0
       1
       0
       4
     809
    1497
    1573
    1492
    1344
    1363
    1302
    1304
    1244
    1185
    1171
    1168
    1151
    1162
    1205
    1106
    1143
    1118
    1110
    1155
    1143
    1151
    1221
    1200
    1098
    1139
     994
     941
     864
     671
     635
     504
     507
     487
     441
     397
     426
     440
     465
     483
     605
     934
    1557
    2671
    4154
    5863
    6877
    7109
    6284
    4608
    3038
    1581
     700
     294
      98
      40
      16
      15
      12
      12
      12
       9
      15
       8
      15
      14
      11
      13
       9
       7
      13
      10
      12
       4
       8
       6
      12
      13
       4
       6
      12
      10
       8
       9
       4
       7
       3
       3
       7
       8
      10
      11
       9
       5
       4
       8
       6
       6
       5
       4
       3
       3
       4
       4
       3
       3
       6
       3
       2
       2
       2
       3
       4
       4
       1
       3
       2
       5
       8
       3
       6
       5
      11
       4
       2
       3
       2
       3
       1
       1
       2
       2
       0
       3
       0
       0
       3
       2
       1
       1
       0
       2
       1
       1
       2
       0
       2
       2
       2
       0
       1
       1
       2
       2
       1
       0
       2
       0
       5
       0
       2
       1
       1
       1
       1
       1
       1
       1
       0
       1
       1
       1
       0
       0
       0
       2
       3
       1
       0
       1
       0
       0
       1
       0
       2
       0
       0
       4
       0
       0
       1
       0
       2
       1
       1
       0
       2
       0
       1
       0
       3
       0
       0
       0
       0
       0
       1
       0
       0
       0
       0
       0
       0
       1
       0
       0
       2
       0
       1
       0
       0
       0
       0
       0
       0
       0
       0
       0
       0
       0
       0
       0
       0
       0
       0
       0
       0
       1
       0
       0
       0
       0
       1
       0
       0
       0
       0
       0
       0
       0
       0
       0
       0
       0
       0
       0
       0
       0
       0
       0
       0
       0
       0
       0
       0
       0
       0
       0
       0
       0
       0
       0
       1
       0
       0
       0
       0
       0
       0
       0
       0
       0
       1
       0
       0
       0
       0
       0
       0
       1
       1
       0
       0
       1
       1
       1
       0
       0
       0
       0
       0
       0
       0
       0
       0
       0
       0
       0
       0
       0
       0
       0
       0
       0
       0
       0
       0
       1
       1
       0
       0
       0
       0
       0
       0
       0
       0
       0
       0
       0
       0
       0
       0
       0
       0
       1
       0
       0
       0
       0
       0
       0
       0
       0
       0
       0
       0
       1
       0
       0
       1
       0
       0
       0
       0
       0
       0
       0
       0
       0
       0
       0
       0
       0
       0
       0
       0
       0
       0
       0
       0
       0
       0
       0
       0
       0
       0
       0
       0
       0
       0
       0
       0
       0
       0
       0
       0
       0
       0
       0
       0
       0
       0
       0
       0
       0
       0
       0
       0
       0
       0
       0
       0
       0
       0
       0
       0
       0
       0
       0
       0
       0
       0
       0
       0
       0
       0
       0
       0
       0
       0
       0
       0
       0
       0
       0
       0
       0
       0
       0
       0
       0
       0
       0
       0
       0
       0
       0
       0
       0
       0
       0
       0
       0
       0
       0
       0
       0
       0
       0
       0
       0
       0
       0
       0
       0
       0
       0
       0
       0
       0
       0
       0
       0
       0
       0
       0
       0
       0
       0
       0
       0
       0
       0
       0
       0
       0
       0
       0
       0
       0
       0
       0
       0
       0
       0
       0
       0
       0
       0
       0
       0
       0
$ROI:
0
$PRESETS:
Live Time
240
0
$ENER_FIT:
0.000000 0.000000
$MCA_CAL:
3
0.000000E+000 0.000000E+000 0.000000E+000 
$SHAPE_CAL:
3
0.000000E+000 0.000000E+000 0.000000E+000
