$SPEC_ID:
PRAK02 Easy-MCA-2k SN
$SPEC_REM:
DET# 1
DETDESC# PRAK01 Easy-MCA-2k SN 15071856
AP# Maestro Version 7.01
$DATE_MEA:
03/12/2002 02:16:10
$MEAS_TIM:
240 240
$DATA:
0 511
       0
       0
       0
       0
       0
       0
       0
       9
      42
      29
      12
       5
       1
       1
       0
       0
       0
       1
       5
     786
    1237
    1291
    1319
    1156
    1095
    1067
    1056
    1122
    1047
    1012
    1051
    1076
    1012
    1059
     987
    1057
    1017
     967
    1021
    1066
    1053
    1038
     986
     921
     862
     699
     615
     511
     444
     418
     387
     382
     359
     403
     423
     429
     518
     729
    1288
    2123
    3435
    4657
    5853
    6113
    5541
    4197
    2549
    1371
     618
     230
      96
      34
      20
      10
      13
      10
      12
      10
      11
       5
       9
      12
       9
      14
       7
       7
      16
       6
      12
       8
       4
      12
      11
       8
       8
      12
       8
       8
       7
       5
       8
       3
       7
       9
       9
       8
       8
      11
       8
       9
       3
       4
       7
       3
      11
       5
       2
       5
       2
       7
       2
       4
       4
       2
       5
       3
       4
       3
       4
       4
       5
       8
       8
       7
       6
       5
       6
       8
       8
       3
       1
       2
       2
       2
       0
       0
       0
       1
       1
       1
       1
       1
       1
       1
       1
       0
       3
       1
       1
       4
       1
       1
       2
       3
       2
       1
       2
       0
       2
       2
       0
       2
       2
       0
       0
       1
       0
       2
       0
       0
       1
       0
       0
       1
       0
       2
       2
       0
       0
       0
       0
       1
       2
       2
       2
       0
       2
       1
       1
       0
       4
       2
       1
       0
       0
       1
       2
       1
       1
       0
       0
       0
       0
       2
       0
       0
       0
       0
       1
       0
       0
       0
       1
       0
       0
       0
       0
       0
       1
       0
       0
       0
       0
       0
       0
       0
       1
       1
       0
       0
       1
       0
       0
       0
       0
       0
       0
       0
       0
       0
       0
       0
       0
       0
       1
       0
       0
       0
       0
       0
       0
       0
       0
       0
       0
       0
       0
       0
       0
       1
       1
       0
       0
       0
       0
       0
       0
       0
       0
       0
       1
       0
       0
       2
       0
       0
       1
       0
       0
       0
       1
       0
       1
       1
       0
       0
       0
       1
       0
       0
       0
       0
       0
       0
       0
       0
       0
       0
       0
       0
       0
       0
       1
       0
       0
       0
       1
       0
       0
       0
       0
       0
       0
       0
       0
       0
       0
       0
       1
       0
       0
       0
       0
       0
       0
       0
       0
       0
       0
       0
       1
       0
       0
       0
       0
       0
       0
       0
       0
       0
       0
       0
       0
       0
       0
       0
       0
       0
       0
       0
       0
       0
       0
       0
       0
       0
       0
       0
       0
       0
       0
       0
       0
       0
       0
       0
       0
       0
       0
       0
       0
       0
       0
       0
       0
       0
       0
       0
       0
       1
       0
       0
       0
       0
       0
       0
       0
       0
       0
       0
       0
       0
       0
       0
       0
       0
       0
       0
       0
       0
       0
       0
       0
       0
       0
       0
       0
       0
       0
       0
       0
       0
       0
       0
       0
       0
       0
       0
       0
       0
       0
       0
       0
       0
       0
       0
       0
       0
       0
       0
       0
       0
       0
       0
       0
       0
       0
       0
       0
       0
       0
       0
       0
       0
       0
       0
       0
       0
       0
       0
       0
       0
       0
       0
       0
       0
       0
       0
       0
       0
       0
       0
       0
       0
       0
       0
       0
       0
       0
       0
       0
       0
       0
       0
       0
       0
       0
       0
       0
       0
       0
       0
       0
       0
       0
       0
       0
       0
       0
       0
       0
       0
       0
       0
       0
       0
       0
       0
       0
       0
       0
       0
$ROI:
0
$PRESETS:
Live Time
240
0
$ENER_FIT:
0.000000 0.000000
$MCA_CAL:
3
0.000000E+000 0.000000E+000 0.000000E+000 
$SHAPE_CAL:
3
0.000000E+000 0.000000E+000 0.000000E+000
