$SPEC_ID:
PRAK02 Easy-MCA-2k SN
$SPEC_REM:
DET# 1
DETDESC# PRAK01 Easy-MCA-2k SN 15071856
AP# Maestro Version 7.01
$DATE_MEA:
03/12/2002 01:15:37
$MEAS_TIM:
240 240
$DATA:
0 511
       0
       0
       0
       0
       0
       0
       0
      35
     124
     102
      46
      25
      14
       3
       0
       1
       2
       4
       6
     683
    1313
    1291
    1292
    1196
    1204
    1091
    1116
    1095
    1004
    1046
     971
    1017
    1024
     930
     983
     973
    1041
     999
     984
     942
     976
     972
    1035
     980
     971
     889
     790
     683
     612
     490
     456
     427
     375
     378
     370
     373
     376
     406
     457
     564
     841
    1366
    2360
    3544
    4911
    5932
    6142
    5207
    3940
    2443
    1270
     536
     224
      77
      35
      22
       8
      10
      11
      16
      16
      16
      12
       5
      16
      10
       8
       5
      12
       7
      13
      10
       6
       9
       7
       9
       7
      11
      14
       8
      10
       5
       6
       2
       4
       7
       5
       7
       5
       6
       7
       4
       2
       9
       4
       6
       9
       4
       6
       7
       6
       3
       6
       2
       6
       2
       2
       2
       3
       4
       3
       3
       4
       5
       4
       1
       2
       8
       4
       6
      10
       4
       7
       5
       8
       5
       2
       3
       0
       1
       3
       1
       0
       1
       1
       1
       2
       2
       4
       2
       1
       0
       1
       0
       2
       0
       0
       0
       3
       3
       1
       0
       1
       3
       2
       0
       3
       1
       1
       0
       0
       0
       0
       0
       1
       0
       4
       0
       1
       1
       0
       2
       0
       0
       1
       1
       0
       1
       1
       0
       0
       1
       1
       1
       0
       3
       0
       1
       2
       1
       0
       1
       1
       0
       1
       1
       0
       1
       0
       0
       0
       0
       1
       0
       0
       0
       0
       0
       0
       0
       0
       2
       0
       0
       0
       0
       0
       0
       0
       0
       0
       0
       1
       0
       0
       0
       0
       0
       0
       0
       0
       0
       0
       0
       0
       0
       0
       0
       0
       0
       0
       0
       0
       0
       0
       0
       1
       0
       0
       0
       0
       0
       0
       0
       1
       0
       0
       0
       0
       0
       0
       1
       0
       0
       0
       1
       0
       0
       0
       0
       0
       0
       0
       0
       0
       0
       2
       0
       0
       0
       0
       0
       0
       0
       0
       0
       0
       1
       0
       1
       0
       1
       1
       1
       1
       0
       0
       1
       0
       0
       0
       0
       1
       0
       0
       0
       0
       0
       0
       0
       0
       1
       0
       0
       0
       0
       0
       1
       1
       0
       1
       0
       0
       0
       0
       0
       0
       0
       0
       0
       0
       0
       0
       0
       0
       0
       0
       0
       0
       0
       0
       0
       0
       0
       0
       0
       1
       0
       1
       0
       0
       0
       0
       0
       0
       0
       0
       0
       0
       0
       0
       0
       0
       0
       0
       0
       0
       0
       0
       0
       0
       0
       0
       0
       0
       0
       0
       0
       0
       0
       0
       0
       0
       0
       0
       0
       0
       0
       0
       0
       0
       0
       0
       0
       0
       0
       0
       0
       0
       0
       0
       0
       0
       0
       0
       0
       0
       0
       0
       0
       0
       0
       0
       0
       0
       0
       0
       0
       0
       0
       0
       0
       0
       0
       0
       0
       0
       0
       0
       0
       0
       0
       0
       0
       0
       0
       0
       0
       0
       0
       0
       0
       0
       0
       0
       0
       0
       0
       0
       0
       0
       0
       0
       0
       0
       0
       0
       0
       0
       0
       0
       0
       0
       0
       0
       0
       0
       0
       0
       0
       0
       0
       0
       0
       0
       0
       0
       0
       0
       0
       0
       0
       0
       0
       0
       0
       0
       0
       0
       0
       0
       0
$ROI:
0
$PRESETS:
Live Time
240
0
$ENER_FIT:
0.000000 0.000000
$MCA_CAL:
3
0.000000E+000 0.000000E+000 0.000000E+000 
$SHAPE_CAL:
3
0.000000E+000 0.000000E+000 0.000000E+000
