$SPEC_ID:
PRAK02 Easy-MCA-2k SN
$SPEC_REM:
DET# 1
DETDESC# PRAK01 Easy-MCA-2k SN 15071856
AP# Maestro Version 7.01
$DATE_MEA:
03/12/2002 03:22:59
$MEAS_TIM:
240 240
$DATA:
0 511
       0
       0
       0
       0
       0
       0
       0
       0
       0
       0
       0
       0
       0
       0
       0
       1
       1
       0
       1
     122
     204
     201
     182
     197
     169
     164
     190
     138
     150
     155
     144
     146
     124
     130
      99
     127
     107
     110
     120
     108
     108
     105
     112
     106
      96
      84
      75
      61
      57
      51
      66
      53
      44
      33
      45
      51
      60
      75
      70
     139
     192
     278
     404
     490
     515
     461
     339
     208
     114
      59
      25
      22
      10
      12
       8
      12
      10
      11
      11
       9
      10
       6
      13
       8
       7
      11
       9
       9
       9
       6
      17
       9
       2
       7
       9
       6
       3
       7
      13
       6
       4
       5
      13
       3
       2
       7
       5
       6
       7
       3
       7
       8
       5
       2
       7
       4
       6
       2
       5
       3
       7
       5
       4
       2
       1
       3
       2
       0
       3
       4
       3
       6
       7
       3
       9
       7
      11
       4
      10
       3
       6
       8
       3
       2
       1
       1
       2
       3
       2
       2
       4
       2
       1
       3
       1
       0
       0
       3
       1
       1
       2
       4
       0
       0
       1
       2
       1
       3
       3
       2
       1
       2
       2
       2
       1
       0
       1
       0
       0
       0
       3
       2
       0
       1
       0
       0
       2
       0
       0
       1
       1
       0
       0
       2
       1
       1
       1
       2
       1
       3
       1
       0
       0
       3
       1
       1
       2
       0
       2
       1
       0
       1
       0
       0
       0
       0
       0
       0
       0
       1
       0
       0
       0
       1
       1
       1
       0
       0
       0
       0
       0
       0
       0
       0
       1
       0
       0
       0
       0
       1
       0
       0
       0
       0
       0
       1
       0
       0
       0
       0
       0
       0
       0
       0
       0
       0
       2
       0
       0
       0
       0
       0
       0
       0
       0
       0
       0
       0
       0
       0
       0
       0
       0
       0
       1
       1
       0
       0
       0
       0
       0
       0
       0
       0
       0
       0
       0
       0
       0
       0
       0
       0
       0
       0
       0
       0
       0
       0
       1
       0
       0
       1
       0
       0
       0
       0
       2
       0
       0
       0
       0
       0
       0
       0
       0
       0
       0
       0
       0
       0
       0
       0
       0
       0
       0
       0
       0
       0
       0
       0
       0
       0
       0
       0
       0
       0
       0
       1
       0
       0
       0
       0
       0
       0
       0
       0
       0
       0
       0
       0
       0
       0
       0
       0
       0
       0
       0
       0
       0
       1
       0
       0
       0
       0
       0
       0
       0
       0
       0
       0
       0
       0
       0
       0
       0
       0
       0
       0
       0
       0
       0
       0
       0
       0
       0
       0
       0
       0
       0
       0
       0
       0
       0
       0
       0
       0
       0
       0
       0
       0
       0
       0
       0
       0
       0
       0
       0
       0
       0
       0
       0
       0
       0
       0
       0
       0
       0
       0
       0
       0
       0
       0
       0
       0
       0
       0
       0
       0
       0
       0
       0
       0
       0
       0
       0
       0
       0
       0
       0
       0
       0
       0
       0
       0
       0
       0
       0
       0
       0
       0
       0
       0
       0
       0
       0
       0
       0
       0
       0
       0
       0
       0
       0
       0
       0
       0
       0
       0
       0
       0
       0
       0
       0
       0
       0
       0
       0
       0
       0
       0
       0
       0
       0
       0
       0
       0
       0
       0
       0
       0
       0
       0
       0
       0
       0
       0
       0
       0
       0
       0
       0
       0
       0
       0
       0
       0
       0
       0
       0
       0
       0
       0
$ROI:
0
$PRESETS:
Live Time
240
0
$ENER_FIT:
0.000000 0.000000
$MCA_CAL:
3
0.000000E+000 0.000000E+000 0.000000E+000 
$SHAPE_CAL:
3
0.000000E+000 0.000000E+000 0.000000E+000
