$SPEC_ID:
PRAK02 Easy-MCA-2k SN
$SPEC_REM:
DET# 1
DETDESC# PRAK01 Easy-MCA-2k SN 15071856
AP# Maestro Version 7.01
$DATE_MEA:
03/12/2002 02:26:51
$MEAS_TIM:
240 240
$DATA:
0 511
       0
       0
       0
       0
       0
       0
       0
       8
      31
      37
      10
       1
       0
       0
       0
       3
       0
       0
       3
     120
     185
     161
     158
     175
     149
     142
     156
     140
     129
     112
     122
     112
     110
     100
      94
     112
     100
      84
      74
      85
      96
      75
      81
      75
      88
      69
      63
      57
      50
      49
      42
      48
      31
      30
      43
      49
      41
      46
      80
     117
     155
     217
     275
     282
     323
     230
     152
      98
      42
      23
      19
      11
       7
       8
      11
      16
       9
      11
       9
      10
      10
      10
      11
       5
       9
      11
       7
       6
       3
       6
       2
      10
       5
       6
       8
       8
      10
      10
       6
       9
       6
       9
       0
       8
       6
       2
       6
       3
       6
       5
       2
       5
       1
       5
       1
       2
       4
       4
       3
       3
       4
       2
       3
       0
       6
       7
       6
       5
       5
       4
       6
       3
       5
       5
       8
       9
       5
       3
       9
       5
       3
       4
       2
       2
       4
       0
       1
       0
       1
       4
       2
       2
       3
       0
       1
       2
       2
       0
       2
       0
       1
       0
       3
       2
       4
       0
       1
       1
       1
       1
       0
       1
       1
       1
       1
       2
       1
       3
       0
       0
       0
       0
       1
       0
       1
       2
       0
       1
       0
       0
       1
       1
       0
       0
       0
       1
       1
       1
       1
       1
       1
       1
       1
       2
       0
       0
       1
       0
       0
       2
       0
       2
       0
       0
       0
       0
       1
       0
       0
       1
       0
       0
       0
       0
       0
       0
       0
       0
       1
       0
       0
       0
       0
       1
       0
       0
       0
       0
       0
       0
       0
       0
       0
       0
       0
       0
       0
       0
       0
       0
       0
       0
       0
       0
       0
       0
       0
       0
       0
       0
       0
       0
       0
       1
       0
       0
       0
       0
       0
       0
       0
       0
       0
       0
       0
       1
       0
       0
       1
       0
       0
       0
       0
       0
       0
       0
       0
       1
       1
       1
       0
       0
       0
       0
       0
       0
       0
       0
       0
       1
       0
       0
       0
       0
       0
       0
       1
       0
       0
       0
       0
       0
       0
       0
       0
       0
       0
       0
       0
       0
       0
       0
       0
       0
       0
       0
       0
       0
       0
       0
       0
       0
       0
       0
       0
       0
       0
       0
       0
       0
       0
       0
       0
       0
       0
       0
       0
       0
       0
       0
       0
       0
       0
       0
       0
       0
       0
       1
       0
       0
       0
       0
       0
       0
       0
       0
       0
       0
       0
       0
       0
       0
       0
       0
       0
       0
       0
       0
       0
       0
       0
       0
       0
       0
       0
       0
       0
       0
       0
       0
       0
       0
       0
       0
       0
       0
       0
       0
       0
       0
       0
       0
       0
       0
       0
       0
       0
       0
       1
       0
       0
       0
       0
       0
       0
       0
       0
       0
       0
       0
       0
       0
       0
       0
       0
       0
       0
       0
       0
       0
       0
       0
       0
       0
       0
       0
       0
       0
       0
       0
       0
       0
       0
       0
       0
       0
       0
       0
       0
       0
       0
       0
       0
       0
       0
       0
       0
       0
       0
       0
       0
       0
       0
       0
       0
       0
       0
       0
       0
       0
       0
       0
       0
       0
       0
       0
       0
       0
       0
       0
       0
       0
       0
       0
       0
       0
       0
       0
       0
       0
       0
       0
       0
       0
       0
       0
       0
       0
       0
       0
       0
       0
       0
       0
       0
       0
       0
       0
       0
       0
       0
       0
$ROI:
0
$PRESETS:
Live Time
240
0
$ENER_FIT:
0.000000 0.000000
$MCA_CAL:
3
0.000000E+000 0.000000E+000 0.000000E+000 
$SHAPE_CAL:
3
0.000000E+000 0.000000E+000 0.000000E+000
