$SPEC_ID:
PRAK02 Easy-MCA-2k SN
$SPEC_REM:
DET# 1
DETDESC# PRAK01 Easy-MCA-2k SN 15071856
AP# Maestro Version 7.01
$DATE_MEA:
03/12/2002 01:52:05
$MEAS_TIM:
240 240
$DATA:
0 511
       0
       0
       0
       0
       0
       0
       0
      16
      47
      55
      29
      17
      15
       5
       1
       2
       3
       1
       3
     716
    1194
    1224
    1201
    1103
    1096
    1008
    1046
    1037
     955
     933
    1051
     909
     915
     906
     891
     890
    1004
     917
     828
     964
     904
     897
     868
     934
     903
     809
     769
     662
     598
     519
     430
     414
     342
     329
     378
     315
     367
     383
     400
     559
     820
    1424
    2289
    3573
    4800
    5655
    5786
    4945
    3583
    2168
    1098
     464
     191
      59
      27
      17
      11
      10
       7
       9
      14
       9
       3
      11
       8
      15
      12
       7
       9
       8
       9
      10
       7
      12
       9
       8
       5
       6
       6
       8
       4
       8
       9
       6
       4
       4
       2
       7
       7
       8
       9
       3
       7
       4
       3
       4
       3
       5
       3
       5
       3
       7
       5
       2
       2
       1
       5
       2
       2
       6
       3
       3
       2
       1
       2
       3
       5
       3
       4
       7
       8
       9
       2
       8
       6
       5
       4
       1
       1
       1
       2
       1
       3
       3
       1
       1
       0
       0
       1
       1
       1
       3
       1
       2
       1
       0
       2
       3
       1
       0
       0
       0
       0
       1
       0
       1
       0
       1
       1
       2
       0
       1
       0
       0
       2
       2
       0
       0
       0
       1
       2
       0
       0
       0
       1
       0
       1
       1
       2
       0
       1
       0
       1
       2
       0
       2
       0
       2
       2
       1
       0
       0
       1
       0
       2
       0
       0
       0
       0
       0
       0
       2
       0
       1
       1
       0
       1
       0
       0
       0
       0
       0
       0
       0
       0
       0
       0
       0
       0
       0
       0
       0
       1
       0
       1
       1
       0
       0
       0
       0
       0
       0
       1
       0
       0
       0
       0
       0
       0
       0
       0
       0
       0
       0
       0
       0
       0
       0
       0
       0
       0
       0
       0
       0
       0
       0
       0
       0
       0
       0
       0
       0
       0
       0
       1
       0
       0
       0
       0
       0
       0
       0
       0
       0
       0
       0
       0
       0
       1
       0
       0
       0
       0
       0
       0
       1
       0
       0
       0
       0
       0
       0
       0
       0
       1
       0
       0
       0
       0
       0
       0
       0
       0
       0
       0
       0
       0
       0
       0
       0
       0
       0
       0
       0
       0
       0
       0
       0
       0
       0
       0
       0
       0
       0
       0
       0
       0
       0
       0
       0
       0
       0
       0
       0
       0
       0
       0
       0
       0
       0
       0
       0
       0
       0
       0
       0
       0
       0
       1
       0
       0
       0
       0
       0
       0
       0
       0
       0
       0
       0
       0
       0
       0
       0
       0
       0
       0
       0
       0
       0
       0
       0
       0
       0
       0
       0
       0
       0
       0
       0
       0
       0
       0
       0
       0
       0
       0
       0
       0
       0
       0
       0
       0
       0
       0
       0
       0
       0
       0
       0
       0
       0
       0
       0
       0
       0
       0
       0
       0
       0
       0
       0
       0
       0
       0
       0
       0
       0
       0
       0
       0
       0
       0
       0
       0
       0
       0
       0
       0
       0
       0
       0
       0
       0
       0
       0
       0
       0
       0
       0
       0
       0
       0
       0
       0
       0
       0
       0
       0
       0
       0
       0
       0
       0
       0
       0
       0
       0
       0
       0
       0
       0
       0
       0
       0
       0
       0
       0
       0
       0
       0
       0
       0
       0
       0
       0
       0
       0
       0
       0
       0
       0
       0
       0
       0
       0
       0
       0
       0
       0
       0
       0
$ROI:
0
$PRESETS:
Live Time
240
0
$ENER_FIT:
0.000000 0.000000
$MCA_CAL:
3
0.000000E+000 0.000000E+000 0.000000E+000 
$SHAPE_CAL:
3
0.000000E+000 0.000000E+000 0.000000E+000
