$SPEC_ID:
PRAK02 Easy-MCA-2k SN
$SPEC_REM:
DET# 1
DETDESC# PRAK01 Easy-MCA-2k SN 15071856
AP# Maestro Version 7.01
$DATE_MEA:
03/12/2002 02:11:11
$MEAS_TIM:
240 240
$DATA:
0 511
       0
       0
       0
       0
       0
       0
       0
       9
      16
      30
       5
       4
       3
       3
       0
       1
       0
       1
       6
     704
    1224
    1237
    1178
    1129
    1114
    1070
    1026
    1140
    1034
     960
     980
    1001
     968
    1015
     947
    1010
     878
     986
     988
     925
    1017
     994
     931
     887
     821
     729
     631
     552
     456
     430
     397
     360
     370
     368
     392
     396
     474
     576
     860
    1449
    2518
    3843
    5169
    5792
    5827
    4592
    3181
    1850
     809
     344
     132
      42
      23
       8
      12
      13
      10
       5
       9
       5
       7
       6
      11
       8
       7
      10
       8
      11
      11
      10
       9
       9
       5
       7
       5
      10
       9
       9
       8
       7
       3
       9
      11
       6
       7
       8
       6
       7
       7
       3
       6
       6
      11
       5
       7
       5
       2
       0
       2
       3
       6
       6
       5
       7
       6
       2
       1
       5
       2
       7
       5
       7
       4
      12
       1
       5
       5
       5
       7
      10
       6
       2
       1
       1
       0
       0
       0
       0
       0
       2
       1
       2
       1
       1
       1
       0
       2
       2
       1
       1
       3
       1
       0
       0
       3
       2
       0
       1
       1
       2
       0
       0
       0
       0
       1
       2
       1
       0
       2
       0
       2
       0
       2
       0
       0
       2
       0
       0
       1
       2
       1
       2
       0
       2
       2
       0
       0
       1
       0
       0
       0
       1
       1
       2
       0
       0
       0
       1
       0
       0
       0
       0
       0
       1
       0
       0
       1
       0
       0
       1
       0
       0
       0
       0
       0
       0
       0
       1
       1
       0
       0
       0
       0
       1
       0
       0
       0
       0
       1
       0
       0
       0
       0
       0
       0
       0
       0
       1
       0
       0
       0
       0
       0
       0
       0
       0
       0
       0
       0
       0
       0
       0
       0
       0
       0
       0
       0
       0
       1
       0
       0
       0
       0
       0
       0
       0
       1
       0
       1
       0
       1
       0
       0
       0
       0
       0
       0
       0
       0
       0
       1
       0
       1
       1
       0
       1
       0
       0
       0
       0
       1
       0
       0
       0
       0
       0
       0
       0
       0
       0
       0
       0
       0
       0
       0
       1
       0
       1
       0
       0
       0
       0
       0
       0
       0
       0
       0
       0
       0
       0
       0
       0
       0
       0
       0
       0
       0
       0
       0
       0
       0
       0
       0
       0
       0
       0
       0
       0
       0
       0
       0
       0
       0
       0
       0
       0
       0
       0
       0
       0
       0
       0
       0
       0
       0
       0
       0
       0
       0
       0
       0
       0
       0
       0
       0
       0
       0
       0
       0
       0
       0
       0
       0
       0
       0
       0
       0
       0
       0
       0
       0
       0
       0
       0
       0
       0
       0
       0
       0
       0
       0
       0
       0
       0
       0
       0
       0
       0
       0
       0
       0
       0
       0
       0
       0
       0
       0
       0
       0
       0
       0
       0
       0
       0
       0
       0
       0
       0
       0
       0
       0
       0
       0
       0
       0
       0
       0
       0
       0
       0
       0
       0
       0
       0
       0
       0
       0
       0
       0
       0
       0
       0
       0
       0
       0
       0
       0
       0
       0
       0
       0
       0
       0
       0
       0
       0
       0
       0
       0
       0
       0
       0
       0
       0
       0
       0
       0
       0
       0
       0
       0
       0
       0
       0
       0
       0
       0
       0
       0
       0
       0
       0
       0
       0
       0
       0
       0
       0
       0
       0
       0
       0
       0
       0
       0
       0
       0
       0
       0
       0
       0
       0
$ROI:
0
$PRESETS:
Live Time
240
0
$ENER_FIT:
0.000000 0.000000
$MCA_CAL:
3
0.000000E+000 0.000000E+000 0.000000E+000 
$SHAPE_CAL:
3
0.000000E+000 0.000000E+000 0.000000E+000
