$SPEC_ID:
PRAK02 Easy-MCA-2k SN
$SPEC_REM:
DET# 1
DETDESC# PRAK01 Easy-MCA-2k SN 15071856
AP# Maestro Version 7.01
$DATE_MEA:
03/12/2002 01:46:43
$MEAS_TIM:
240 240
$DATA:
0 511
       0
       0
       0
       0
       0
       0
       4
      57
     119
      97
      80
      47
      38
       7
       1
       0
       2
       2
       6
     700
    1260
    1291
    1168
    1188
    1159
    1094
    1103
    1032
    1044
    1031
     995
    1028
     934
    1014
     967
     929
     949
     989
     976
     993
    1027
     941
     919
     983
     972
     925
     735
     651
     549
     473
     460
     375
     396
     391
     369
     334
     388
     395
     459
     563
     850
    1387
    2447
    3567
    5112
    5789
    5803
    5086
    3727
    2229
    1207
     494
     189
      68
      21
      11
      14
      17
      11
      11
      10
      12
      13
       8
       8
      14
      11
       4
       5
       7
       9
       4
       9
      10
      13
       9
       9
      11
       8
      13
       5
       6
       4
       9
       5
       9
       5
      11
       7
       2
       7
      12
       4
      10
       6
       7
       3
       7
       7
       5
       6
       5
       2
       8
       2
       3
       4
       5
       4
       4
       1
       4
       1
       6
       3
       8
       2
      10
       5
       6
       7
       7
       6
       2
       3
       4
       5
       0
       1
       1
       2
       2
       3
       0
       0
       2
       2
       2
       1
       1
       1
       2
       1
       1
       2
       1
       1
       1
       1
       2
       0
       0
       0
       1
       1
       2
       0
       4
       0
       0
       0
       1
       1
       1
       1
       2
       2
       0
       2
       0
       1
       0
       0
       0
       1
       1
       2
       0
       1
       1
       0
       0
       0
       1
       0
       1
       1
       1
       3
       0
       0
       0
       0
       0
       1
       0
       1
       2
       0
       0
       1
       0
       0
       0
       0
       0
       0
       0
       0
       0
       0
       0
       0
       0
       0
       0
       0
       0
       2
       1
       1
       0
       0
       0
       0
       0
       0
       0
       0
       0
       0
       0
       0
       0
       0
       1
       0
       0
       1
       0
       0
       0
       1
       0
       0
       0
       0
       0
       0
       0
       0
       0
       0
       0
       1
       0
       0
       0
       0
       0
       1
       0
       0
       0
       0
       0
       0
       0
       1
       0
       0
       0
       0
       0
       0
       0
       0
       0
       0
       0
       1
       0
       0
       0
       0
       0
       0
       0
       0
       0
       0
       0
       0
       1
       0
       0
       1
       0
       0
       0
       0
       0
       1
       0
       0
       0
       0
       0
       0
       0
       1
       0
       0
       1
       0
       0
       0
       0
       0
       0
       0
       1
       0
       0
       0
       0
       0
       0
       0
       0
       0
       0
       0
       0
       0
       0
       0
       0
       0
       0
       0
       0
       1
       0
       0
       0
       0
       0
       0
       0
       0
       0
       0
       0
       0
       0
       1
       0
       0
       0
       0
       0
       0
       0
       0
       0
       0
       0
       0
       0
       0
       0
       0
       0
       0
       0
       0
       0
       0
       0
       0
       0
       0
       0
       0
       0
       0
       0
       0
       0
       0
       0
       0
       0
       0
       0
       0
       0
       0
       0
       0
       0
       0
       0
       0
       0
       0
       0
       0
       0
       0
       0
       0
       0
       0
       0
       0
       0
       0
       0
       0
       0
       0
       0
       0
       0
       0
       0
       0
       0
       0
       0
       0
       0
       0
       0
       0
       0
       0
       0
       0
       0
       0
       0
       0
       0
       0
       0
       0
       0
       0
       0
       0
       0
       0
       0
       0
       0
       0
       0
       0
       0
       0
       0
       0
       0
       0
       0
       0
       0
       0
       0
       0
       0
       0
       0
       0
       0
       0
       0
       0
       0
       0
       0
       0
       0
       0
       0
       0
       0
       0
       0
$ROI:
0
$PRESETS:
Live Time
240
0
$ENER_FIT:
0.000000 0.000000
$MCA_CAL:
3
0.000000E+000 0.000000E+000 0.000000E+000 
$SHAPE_CAL:
3
0.000000E+000 0.000000E+000 0.000000E+000
