$SPEC_ID:
PRAK02 Easy-MCA-2k SN
$SPEC_REM:
DET# 1
DETDESC# PRAK01 Easy-MCA-2k SN 15071856
AP# Maestro Version 7.01
$DATE_MEA:
03/12/2002 04:10:43
$MEAS_TIM:
240 240
$DATA:
0 511
       0
       0
       0
       0
       0
       0
       0
       0
       0
       0
       0
       0
       0
       0
       0
       0
       0
       1
       2
     238
     411
     429
     425
     402
     406
     335
     340
     359
     340
     300
     309
     295
     312
     289
     319
     304
     329
     284
     319
     330
     280
     326
     299
     272
     285
     241
     197
     186
     159
     146
     123
     122
     120
     115
     123
     156
     142
     180
     212
     390
     659
    1103
    1582
    1953
    1961
    1778
    1305
     866
     413
     229
      75
      33
      14
       8
       6
      10
      11
       6
      12
      13
      11
       5
      10
       1
      11
       9
       9
       5
       8
       7
      12
       4
       6
      10
       9
       6
       4
       7
       8
       9
       3
       5
       7
       6
       7
       7
       5
       4
       8
       8
       5
       6
       7
       6
       1
       4
       5
       4
       4
       1
       2
       4
       2
       2
       2
       2
       4
       6
       3
       5
       3
       5
      11
       5
      10
       9
      13
       4
       7
       6
       3
       5
       4
       2
       0
       3
       3
       2
       2
       0
       2
       1
       2
       2
       1
       3
       0
       0
       4
       1
       1
       0
       1
       3
       1
       0
       0
       0
       1
       1
       0
       3
       2
       4
       3
       1
       1
       3
       1
       0
       1
       0
       1
       0
       2
       0
       2
       1
       0
       1
       2
       1
       2
       1
       1
       1
       0
       2
       2
       2
       2
       3
       3
       3
       1
       1
       0
       0
       0
       0
       0
       0
       0
       1
       0
       0
       0
       0
       0
       0
       0
       3
       0
       0
       0
       0
       0
       0
       0
       0
       0
       1
       0
       0
       0
       0
       0
       0
       0
       0
       0
       0
       0
       0
       0
       0
       0
       0
       0
       0
       1
       0
       0
       0
       0
       0
       0
       1
       0
       1
       0
       0
       0
       0
       0
       1
       1
       0
       0
       0
       0
       0
       0
       0
       0
       0
       0
       0
       0
       0
       0
       1
       1
       2
       0
       0
       0
       1
       0
       0
       0
       0
       0
       0
       0
       1
       0
       0
       1
       0
       0
       2
       2
       1
       1
       1
       0
       1
       0
       0
       0
       0
       0
       0
       0
       0
       0
       0
       0
       0
       0
       0
       0
       1
       0
       0
       0
       0
       0
       0
       0
       0
       1
       0
       0
       0
       0
       0
       0
       0
       0
       0
       0
       0
       0
       0
       0
       0
       1
       0
       0
       0
       0
       0
       0
       0
       0
       0
       0
       0
       0
       0
       0
       0
       0
       0
       0
       0
       0
       0
       0
       0
       0
       0
       0
       0
       0
       0
       0
       0
       0
       0
       0
       0
       0
       0
       0
       0
       0
       0
       0
       0
       0
       0
       0
       0
       0
       0
       0
       0
       0
       0
       0
       0
       0
       0
       0
       0
       0
       0
       0
       0
       0
       0
       0
       0
       0
       0
       0
       0
       0
       0
       0
       0
       0
       0
       0
       1
       0
       0
       0
       0
       0
       0
       0
       0
       0
       0
       0
       0
       0
       0
       0
       0
       0
       0
       0
       0
       0
       0
       0
       0
       0
       0
       0
       0
       0
       0
       0
       0
       0
       0
       0
       0
       0
       0
       0
       0
       0
       0
       0
       0
       0
       0
       0
       0
       0
       0
       0
       0
       0
       0
       0
       0
       0
       0
       0
       0
       0
       0
       0
       0
       0
       0
       0
       0
       0
       0
       0
       0
       0
       0
       0
       0
       0
       0
       0
       0
       0
       0
       0
       0
$ROI:
0
$PRESETS:
Live Time
240
0
$ENER_FIT:
0.000000 0.000000
$MCA_CAL:
3
0.000000E+000 0.000000E+000 0.000000E+000 
$SHAPE_CAL:
3
0.000000E+000 0.000000E+000 0.000000E+000
