$SPEC_ID:
PRAK02 Easy-MCA-2k SN
$SPEC_REM:
DET# 1
DETDESC# PRAK01 Easy-MCA-2k SN 15071856
AP# Maestro Version 7.01
$DATE_MEA:
03/12/2002 04:39:51
$MEAS_TIM:
240 240
$DATA:
0 511
       0
       0
       0
       0
       0
       0
       2
      18
      42
      22
      10
       0
       1
       0
       0
       0
       0
       0
       2
     194
     361
     354
     356
     327
     349
     329
     297
     301
     243
     288
     240
     293
     229
     259
     260
     259
     272
     228
     229
     218
     268
     278
     215
     242
     221
     195
     159
     140
     133
     127
     114
     107
     102
      98
      83
     112
     117
     140
     202
     345
     519
     868
    1290
    1484
    1571
    1395
     976
     618
     325
     144
      58
      15
      15
      22
      12
      12
       8
      11
      15
      12
      10
       4
      11
       5
      13
      13
      11
       7
      15
       9
       7
       8
       5
       6
       3
       6
       5
       6
       9
       5
       6
       3
       8
       6
       7
       4
       4
       5
      10
       5
       6
       9
       5
       4
       3
       1
       5
      10
       5
       6
       2
       5
       4
       9
       2
       3
       0
       2
       3
       0
       1
       6
       8
       7
       7
       3
       6
       6
       0
       5
       1
       5
       6
       5
       3
       2
       1
       1
       2
       3
       2
       2
       3
       2
       1
       2
       0
       0
       0
       1
       1
       0
       2
       3
       0
       0
       3
       0
       1
       2
       0
       0
       1
       1
       1
       1
       1
       0
       1
       1
       1
       0
       0
       0
       0
       1
       2
       0
       0
       0
       1
       3
       0
       1
       0
       0
       1
       0
       1
       0
       0
       0
       1
       1
       0
       1
       1
       0
       0
       0
       0
       0
       0
       1
       0
       2
       0
       0
       0
       0
       1
       0
       1
       0
       0
       0
       0
       0
       1
       0
       0
       1
       0
       0
       2
       0
       0
       0
       0
       0
       0
       0
       0
       0
       0
       1
       0
       0
       0
       0
       0
       0
       1
       0
       0
       0
       0
       0
       0
       0
       0
       0
       0
       0
       0
       0
       0
       0
       0
       0
       1
       0
       0
       0
       0
       0
       0
       0
       0
       2
       1
       0
       0
       0
       1
       0
       0
       0
       0
       0
       1
       0
       0
       0
       0
       1
       1
       0
       0
       0
       0
       0
       1
       0
       0
       1
       0
       0
       0
       0
       0
       0
       0
       0
       0
       0
       0
       0
       0
       0
       0
       0
       0
       1
       0
       0
       0
       0
       0
       0
       0
       0
       0
       0
       0
       0
       0
       0
       0
       0
       0
       0
       0
       0
       0
       0
       0
       0
       0
       0
       0
       0
       0
       0
       0
       0
       0
       0
       0
       0
       0
       0
       0
       0
       0
       0
       0
       0
       0
       0
       0
       0
       0
       0
       0
       0
       0
       0
       0
       0
       0
       0
       0
       0
       0
       0
       0
       0
       0
       0
       0
       0
       0
       1
       0
       0
       0
       0
       0
       0
       0
       0
       0
       0
       0
       0
       0
       0
       0
       0
       0
       0
       0
       0
       0
       0
       0
       0
       0
       0
       0
       0
       0
       0
       0
       0
       0
       0
       0
       0
       0
       0
       0
       0
       0
       0
       0
       0
       0
       0
       0
       0
       0
       0
       0
       0
       0
       0
       0
       0
       0
       0
       0
       0
       0
       0
       0
       0
       0
       0
       0
       0
       0
       0
       0
       0
       0
       0
       0
       0
       0
       0
       0
       0
       0
       0
       0
       0
       0
       0
       0
       0
       0
       0
       0
       0
       0
       0
       0
       0
       0
       0
       0
       0
       0
       0
       0
       0
       0
       0
       0
       0
       0
       0
       0
       0
       0
       0
       0
       0
       0
       0
$ROI:
0
$PRESETS:
Live Time
240
0
$ENER_FIT:
0.000000 0.000000
$MCA_CAL:
3
0.000000E+000 0.000000E+000 0.000000E+000 
$SHAPE_CAL:
3
0.000000E+000 0.000000E+000 0.000000E+000
