$SPEC_ID:
PRAK02 Easy-MCA-2k SN
$SPEC_REM:
DET# 1
DETDESC# PRAK01 Easy-MCA-2k SN 15071856
AP# Maestro Version 7.01
$DATE_MEA:
03/12/2002 01:30:52
$MEAS_TIM:
240 240
$DATA:
0 511
       0
       0
       0
       0
       0
       0
       4
      63
     130
     119
      68
      37
      29
      13
       3
       3
       5
       5
       5
     712
    1338
    1293
    1245
    1187
    1119
    1070
    1049
    1100
    1043
    1079
     995
     984
     974
     974
     961
     947
     972
     968
    1029
    1012
    1009
     982
    1017
     999
     953
     924
     797
     697
     553
     507
     429
     399
     370
     344
     376
     392
     392
     386
     421
     553
     878
    1495
    2550
    3842
    5318
    5913
    6039
    5166
    3795
    2259
    1172
     542
     190
      73
      25
      16
      16
      13
      14
      11
      14
       7
      15
      11
      12
       7
       9
       6
      15
       7
      12
       6
       8
       7
       8
      11
       8
       9
       6
       8
       7
       8
      11
       6
       8
       5
      11
      10
       8
       8
       7
       5
       6
       2
       6
       3
       7
       4
       2
       3
       3
       4
       7
       5
       3
       6
       2
       2
       3
       5
       6
       4
       3
       2
       5
       2
       8
       4
       2
       3
       8
       6
       4
       6
       4
       7
       6
       1
       0
       2
       1
       1
       2
       0
       0
       1
       1
       2
       2
       4
       2
       2
       1
       1
       0
       0
       3
       3
       2
       0
       1
       2
       1
       1
       2
       0
       2
       0
       0
       3
       0
       0
       1
       2
       1
       0
       0
       0
       1
       0
       1
       0
       0
       0
       0
       0
       1
       0
       0
       1
       0
       1
       0
       0
       1
       1
       1
       1
       0
       3
       1
       0
       0
       2
       1
       0
       1
       0
       1
       0
       0
       0
       0
       0
       0
       0
       0
       0
       0
       1
       0
       0
       0
       0
       0
       0
       1
       0
       0
       1
       0
       0
       1
       0
       0
       0
       0
       0
       0
       0
       0
       1
       0
       0
       0
       0
       0
       0
       0
       1
       0
       0
       0
       0
       0
       1
       0
       0
       1
       0
       0
       0
       1
       0
       0
       1
       0
       1
       0
       1
       0
       1
       0
       0
       1
       0
       0
       0
       0
       0
       0
       0
       0
       0
       0
       0
       0
       0
       0
       1
       0
       0
       0
       0
       0
       0
       0
       0
       0
       0
       0
       0
       0
       0
       0
       0
       0
       0
       0
       0
       0
       0
       0
       0
       0
       0
       1
       0
       0
       0
       0
       1
       0
       0
       0
       0
       1
       0
       0
       0
       0
       0
       0
       0
       0
       0
       0
       0
       0
       0
       1
       0
       0
       0
       0
       0
       0
       0
       0
       0
       0
       0
       0
       0
       0
       0
       0
       0
       0
       0
       0
       0
       0
       0
       0
       0
       0
       0
       0
       0
       0
       0
       0
       0
       0
       0
       0
       0
       0
       0
       0
       0
       1
       0
       0
       0
       0
       0
       0
       0
       0
       0
       0
       0
       0
       0
       0
       0
       0
       0
       0
       0
       0
       0
       0
       0
       0
       0
       0
       0
       0
       0
       0
       0
       0
       0
       0
       0
       0
       0
       0
       0
       0
       0
       0
       0
       0
       0
       0
       0
       0
       0
       0
       0
       0
       0
       0
       0
       0
       0
       0
       0
       0
       0
       0
       0
       0
       0
       0
       0
       0
       0
       0
       0
       0
       0
       0
       0
       0
       0
       0
       0
       0
       0
       0
       0
       0
       0
       0
       0
       0
       0
       0
       0
       0
       0
       0
       0
       0
       0
       0
       0
       0
       0
       0
       0
       0
       0
       0
       0
       0
       0
       0
       0
       0
       0
       0
       0
       0
       0
       0
       0
$ROI:
0
$PRESETS:
Live Time
240
0
$ENER_FIT:
0.000000 0.000000
$MCA_CAL:
3
0.000000E+000 0.000000E+000 0.000000E+000 
$SHAPE_CAL:
3
0.000000E+000 0.000000E+000 0.000000E+000
