$SPEC_ID:
PRAK02 Easy-MCA-2k SN
$SPEC_REM:
DET# 1
DETDESC# PRAK01 Easy-MCA-2k SN 15071856
AP# Maestro Version 7.01
$DATE_MEA:
03/12/2002 04:20:51
$MEAS_TIM:
240 240
$DATA:
0 511
       0
       0
       0
       0
       0
       0
       0
       0
       0
       0
       0
       0
       0
       0
       0
       0
       0
       0
       2
     164
     287
     274
     300
     245
     273
     244
     228
     245
     240
     239
     244
     224
     222
     208
     177
     188
     166
     199
     188
     185
     209
     222
     181
     163
     183
     133
     155
     104
      95
     100
      76
      80
      78
      77
      76
      70
      92
     126
     135
     231
     396
     654
     915
    1120
    1197
    1010
     765
     494
     239
     130
      49
      25
      14
       6
      11
      11
      12
       7
      19
       7
      10
       9
       6
       8
      11
      10
      10
       4
      13
       8
      11
       9
       7
       8
       5
       8
       8
       5
       8
       4
       4
       3
       5
       6
       7
       7
       4
       8
       5
       3
       4
       1
       3
       6
       1
       7
       2
       7
       6
       7
       2
       3
       3
       2
       5
       2
       2
       4
       4
       2
       3
       5
       4
       3
       4
       6
       7
       5
       7
      11
       3
       7
       2
       2
       2
       3
       2
       0
       1
       1
       2
       1
       1
       1
       0
       1
       0
       4
       3
       2
       2
       1
       1
       1
       0
       0
       1
       1
       0
       2
       1
       0
       2
       0
       0
       3
       0
       1
       0
       4
       0
       2
       3
       1
       3
       0
       1
       2
       1
       0
       0
       0
       1
       1
       1
       0
       0
       1
       2
       0
       0
       0
       0
       1
       1
       0
       2
       0
       1
       3
       0
       0
       1
       0
       0
       0
       0
       1
       0
       2
       0
       0
       0
       0
       1
       0
       2
       0
       0
       0
       0
       1
       0
       0
       0
       0
       0
       0
       0
       0
       1
       0
       0
       0
       0
       0
       0
       0
       0
       0
       0
       0
       0
       0
       0
       0
       0
       0
       0
       0
       0
       0
       0
       0
       0
       1
       1
       0
       0
       0
       0
       0
       0
       1
       0
       1
       0
       0
       1
       0
       1
       0
       0
       0
       0
       0
       0
       2
       1
       0
       0
       0
       0
       0
       0
       0
       0
       2
       0
       1
       0
       0
       0
       0
       0
       0
       2
       0
       0
       1
       0
       0
       0
       0
       0
       0
       0
       0
       0
       0
       0
       0
       0
       0
       0
       0
       0
       0
       0
       0
       0
       0
       0
       0
       0
       0
       0
       0
       0
       0
       0
       0
       0
       0
       0
       0
       0
       0
       0
       0
       0
       0
       0
       0
       0
       0
       0
       0
       0
       0
       0
       0
       0
       0
       0
       0
       0
       0
       0
       0
       0
       0
       0
       0
       0
       0
       0
       0
       0
       0
       0
       0
       0
       0
       0
       0
       0
       0
       0
       0
       0
       0
       1
       0
       0
       0
       0
       0
       0
       0
       0
       0
       0
       0
       0
       0
       0
       0
       0
       0
       0
       0
       0
       0
       0
       0
       0
       0
       0
       0
       0
       0
       0
       0
       0
       0
       0
       0
       0
       0
       0
       0
       0
       0
       0
       0
       1
       0
       0
       0
       0
       0
       0
       0
       0
       0
       0
       0
       0
       0
       0
       0
       0
       0
       0
       0
       0
       0
       0
       0
       0
       0
       0
       0
       0
       0
       0
       0
       0
       0
       0
       0
       0
       0
       0
       0
       0
       0
       0
       0
       0
       0
       0
       0
       0
       0
       0
       0
       0
       0
       0
       0
       0
       0
       0
       0
       0
       0
       0
       0
       0
       0
       0
       0
       0
       0
       0
       0
       0
       0
       0
       0
$ROI:
0
$PRESETS:
Live Time
240
0
$ENER_FIT:
0.000000 0.000000
$MCA_CAL:
3
0.000000E+000 0.000000E+000 0.000000E+000 
$SHAPE_CAL:
3
0.000000E+000 0.000000E+000 0.000000E+000
