$SPEC_ID:
PRAK02 Easy-MCA-2k SN
$SPEC_REM:
DET# 1
DETDESC# PRAK01 Easy-MCA-2k SN 15071856
AP# Maestro Version 7.01
$DATE_MEA:
03/12/2002 04:25:28
$MEAS_TIM:
240 240
$DATA:
0 511
       0
       0
       0
       0
       0
       0
       1
      16
      35
      15
       5
       2
       0
       0
       0
       0
       0
       0
       2
     222
     424
     381
     374
     379
     337
     340
     316
     276
     295
     291
     281
     285
     257
     283
     264
     269
     265
     266
     264
     264
     296
     244
     277
     269
     241
     210
     167
     125
     132
     127
     125
      95
     115
     103
     107
     127
     112
     161
     217
     357
     582
     942
    1386
    1659
    1745
    1531
    1160
     717
     355
     166
      72
      31
      18
       9
       8
       9
       5
       6
      14
      10
      10
      20
      11
      10
      11
       7
      14
       8
      12
       9
       7
       5
       6
       8
       5
      12
       6
       7
       4
       6
       4
      10
       7
       9
       6
       3
       5
       3
       6
       3
       6
       6
       8
       7
       8
       3
       1
       3
       6
       1
       6
       2
       4
       3
       4
       4
       4
       5
       1
       2
       3
       8
       3
       6
       7
       7
       7
       4
       4
       8
       7
       3
       6
       2
       4
       1
       1
       0
       1
       2
       2
       3
       1
       2
       1
       2
       0
       1
       0
       2
       3
       2
       0
       1
       1
       2
       1
       0
       0
       2
       1
       0
       1
       1
       0
       0
       1
       4
       0
       2
       1
       2
       2
       1
       0
       0
       2
       2
       1
       0
       1
       0
       0
       0
       0
       0
       0
       0
       1
       1
       0
       0
       0
       2
       1
       1
       0
       0
       1
       2
       0
       0
       0
       1
       2
       0
       1
       0
       1
       0
       0
       0
       0
       0
       0
       1
       0
       0
       0
       0
       0
       0
       0
       0
       0
       0
       0
       0
       0
       0
       0
       1
       0
       0
       0
       0
       0
       0
       1
       0
       0
       0
       1
       0
       0
       1
       0
       0
       0
       1
       0
       0
       0
       0
       0
       0
       0
       0
       0
       0
       0
       0
       0
       0
       0
       0
       1
       0
       0
       0
       0
       0
       0
       0
       0
       0
       1
       2
       0
       0
       0
       0
       2
       0
       0
       0
       0
       0
       0
       1
       0
       0
       1
       0
       0
       1
       0
       0
       0
       0
       0
       0
       0
       0
       0
       0
       0
       0
       0
       0
       0
       0
       0
       0
       0
       0
       0
       1
       0
       0
       0
       0
       0
       0
       0
       0
       0
       0
       0
       0
       0
       0
       0
       0
       0
       0
       1
       0
       0
       0
       0
       0
       0
       0
       0
       0
       0
       0
       0
       0
       0
       0
       0
       0
       0
       0
       0
       0
       0
       0
       0
       0
       0
       0
       0
       0
       0
       0
       0
       0
       0
       0
       0
       0
       0
       0
       0
       0
       0
       0
       0
       0
       0
       0
       0
       0
       0
       0
       0
       0
       0
       0
       0
       0
       0
       0
       0
       0
       1
       1
       0
       0
       0
       0
       0
       0
       0
       0
       0
       0
       0
       0
       0
       0
       0
       0
       0
       0
       0
       0
       0
       0
       0
       0
       0
       0
       0
       0
       0
       0
       0
       0
       0
       1
       0
       0
       0
       0
       0
       0
       0
       0
       0
       0
       0
       0
       0
       0
       0
       0
       0
       0
       0
       0
       0
       0
       0
       0
       0
       0
       0
       0
       0
       0
       0
       0
       0
       0
       0
       0
       0
       0
       0
       0
       0
       0
       0
       0
       0
       0
       0
       0
       0
       0
       0
       0
       0
       0
       0
       0
       0
       0
       0
       0
       0
       0
       0
       0
       0
       0
       0
       0
$ROI:
0
$PRESETS:
Live Time
240
0
$ENER_FIT:
0.000000 0.000000
$MCA_CAL:
3
0.000000E+000 0.000000E+000 0.000000E+000 
$SHAPE_CAL:
3
0.000000E+000 0.000000E+000 0.000000E+000
