$SPEC_ID:
PRAK02 Easy-MCA-2k SN
$SPEC_REM:
DET# 1
DETDESC# PRAK01 Easy-MCA-2k SN 15071856
AP# Maestro Version 7.01
$DATE_MEA:
03/12/2002 01:25:18
$MEAS_TIM:
240 240
$DATA:
0 511
       0
       0
       0
       0
       0
       0
       0
      33
      96
      84
      28
      11
       7
       2
       0
       1
       2
       0
       2
     669
    1277
    1331
    1283
    1256
    1164
    1163
    1098
    1064
    1006
    1085
    1023
     955
     998
    1005
    1036
     984
     952
     959
    1001
     945
     976
    1038
     992
     964
    1002
     918
     766
     680
     580
     525
     449
     426
     419
     360
     356
     363
     387
     457
     444
     586
     815
    1404
    2334
    3705
    4929
    5983
    6049
    5215
    3916
    2320
    1282
     589
     199
      86
      25
      19
      14
      11
       9
      12
      18
       9
       9
      11
      15
       9
       8
       8
       6
      10
       9
      14
      11
      10
       7
      12
       5
      10
      12
      12
       8
       7
       5
       6
      10
       4
       6
       3
       5
       7
       6
       6
       9
       8
       6
       7
       7
       4
       4
       5
       4
       3
       9
       2
       8
       5
       5
       5
       4
       1
       3
       4
       6
       4
       1
       1
       2
       3
       8
       8
       8
       8
       8
       8
       5
       6
       2
       4
       2
       2
       0
       4
       0
       0
       1
       4
       2
       2
       0
       3
       2
       3
       1
       3
       0
       1
       2
       0
       0
       1
       3
       1
       1
       1
       2
       0
       1
       0
       0
       2
       0
       0
       1
       0
       0
       2
       0
       1
       2
       1
       0
       0
       0
       0
       0
       0
       0
       1
       2
       0
       2
       1
       1
       1
       3
       1
       0
       1
       0
       1
       1
       1
       1
       0
       0
       1
       0
       0
       1
       1
       0
       0
       0
       1
       0
       0
       1
       0
       0
       1
       0
       0
       2
       0
       0
       0
       0
       0
       0
       0
       0
       0
       0
       0
       0
       0
       0
       0
       0
       0
       0
       0
       0
       0
       0
       0
       0
       0
       0
       0
       0
       0
       0
       0
       0
       0
       0
       0
       0
       0
       0
       0
       0
       0
       0
       0
       0
       0
       0
       0
       0
       0
       0
       0
       0
       0
       0
       0
       2
       0
       0
       1
       0
       0
       0
       0
       0
       0
       1
       0
       0
       1
       1
       0
       1
       0
       0
       0
       0
       0
       1
       0
       0
       0
       0
       0
       0
       0
       0
       0
       1
       0
       0
       0
       0
       0
       0
       0
       0
       0
       0
       0
       0
       0
       1
       0
       0
       1
       0
       0
       0
       0
       0
       0
       0
       0
       0
       0
       0
       0
       0
       1
       0
       0
       0
       0
       0
       0
       0
       0
       0
       0
       0
       0
       0
       0
       0
       0
       0
       0
       0
       0
       0
       0
       0
       0
       0
       0
       0
       0
       0
       0
       0
       0
       0
       0
       0
       0
       0
       0
       0
       0
       0
       0
       0
       0
       0
       0
       0
       0
       0
       0
       0
       0
       0
       0
       0
       0
       0
       0
       0
       0
       0
       0
       0
       0
       0
       0
       0
       0
       0
       0
       0
       0
       0
       0
       0
       0
       0
       0
       0
       0
       0
       0
       0
       0
       0
       0
       0
       0
       0
       0
       0
       0
       0
       0
       0
       0
       0
       0
       0
       0
       0
       0
       0
       0
       0
       0
       0
       0
       0
       0
       0
       0
       0
       0
       0
       0
       0
       0
       0
       0
       0
       0
       0
       0
       0
       0
       0
       0
       0
       0
       0
       0
       0
       0
       0
       0
       0
       0
       0
       0
       0
       0
       0
       0
       0
       0
       0
       0
       0
       0
       0
       0
       0
       0
       0
       0
       0
       0
       0
       0
$ROI:
0
$PRESETS:
Live Time
240
0
$ENER_FIT:
0.000000 0.000000
$MCA_CAL:
3
0.000000E+000 0.000000E+000 0.000000E+000 
$SHAPE_CAL:
3
0.000000E+000 0.000000E+000 0.000000E+000
