$SPEC_ID:
PRAK02 Easy-MCA-2k SN
$SPEC_REM:
DET# 1
DETDESC# PRAK01 Easy-MCA-2k SN 15071856
AP# Maestro Version 7.01
$DATE_MEA:
03/12/2002 03:17:00
$MEAS_TIM:
240 240
$DATA:
0 511
       0
       0
       0
       0
       0
       0
       0
       0
       0
       0
       0
       0
       0
       0
       0
       0
       0
       0
       0
     129
     194
     207
     199
     197
     164
     166
     156
     155
     146
     137
     134
     108
     111
     121
     128
     114
     117
     114
     107
     105
      95
      97
      84
      91
      81
      81
      63
      57
      66
      46
      48
      49
      40
      52
      54
      52
      43
      64
      78
     126
     176
     301
     366
     451
     563
     457
     355
     232
     123
      53
      27
      18
      12
       9
      11
      12
      11
       8
      15
      10
      12
      14
       7
       6
       7
       6
       9
       7
       3
       9
       6
       8
       3
       9
      11
       6
       4
       3
       4
       5
       6
       5
       4
       8
       8
       4
       5
      15
       7
       5
       6
       3
       3
       8
       2
       2
       1
       4
       4
       4
       2
       2
       2
       5
       2
       3
       4
       2
       3
       4
       4
       6
       3
       2
       8
       8
       5
       7
       3
       2
       6
       4
       1
       2
       4
       4
       2
       2
       1
       1
       1
       1
       0
       2
       0
       2
       1
       4
       2
       0
       1
       0
       2
       0
       1
       1
       1
       0
       1
       0
       2
       1
       2
       0
       0
       1
       0
       1
       0
       0
       2
       1
       1
       0
       0
       0
       1
       1
       1
       0
       1
       1
       2
       1
       1
       3
       2
       1
       1
       1
       1
       0
       0
       0
       1
       3
       2
       2
       0
       0
       0
       1
       1
       2
       0
       0
       0
       1
       0
       0
       1
       0
       0
       0
       0
       0
       0
       0
       0
       0
       0
       0
       0
       0
       0
       0
       0
       0
       0
       0
       0
       0
       0
       0
       0
       0
       0
       0
       0
       0
       0
       0
       0
       0
       0
       0
       0
       0
       0
       0
       0
       0
       0
       0
       0
       0
       0
       0
       0
       2
       0
       1
       0
       0
       0
       0
       0
       0
       0
       0
       1
       1
       0
       0
       0
       0
       0
       0
       0
       0
       0
       0
       0
       0
       1
       0
       2
       0
       0
       0
       0
       2
       1
       0
       0
       0
       0
       1
       0
       0
       1
       0
       0
       0
       0
       0
       0
       0
       1
       0
       0
       0
       0
       0
       0
       0
       0
       0
       0
       0
       0
       0
       0
       0
       0
       1
       0
       0
       0
       0
       0
       0
       0
       0
       0
       0
       1
       0
       0
       0
       0
       0
       0
       0
       0
       0
       0
       0
       1
       0
       0
       0
       0
       0
       0
       0
       0
       0
       0
       0
       0
       0
       0
       0
       0
       0
       0
       0
       0
       0
       0
       0
       0
       0
       0
       0
       0
       0
       0
       0
       0
       0
       0
       0
       0
       0
       0
       0
       0
       0
       0
       0
       0
       0
       0
       0
       0
       0
       0
       0
       0
       0
       0
       0
       0
       0
       0
       0
       0
       0
       0
       0
       0
       0
       0
       0
       0
       0
       0
       0
       0
       0
       0
       0
       0
       0
       0
       0
       0
       0
       0
       0
       0
       0
       0
       0
       0
       0
       0
       0
       0
       0
       0
       0
       0
       0
       0
       0
       0
       0
       0
       0
       0
       0
       0
       0
       0
       0
       0
       0
       0
       0
       0
       0
       0
       0
       0
       0
       0
       0
       0
       0
       0
       0
       0
       0
       0
       0
       0
       0
       0
       0
       0
       0
       0
       0
       0
       0
       0
       0
       0
       0
       0
       0
       0
       0
       0
       0
       0
       0
       0
       0
$ROI:
0
$PRESETS:
Live Time
240
0
$ENER_FIT:
0.000000 0.000000
$MCA_CAL:
3
0.000000E+000 0.000000E+000 0.000000E+000 
$SHAPE_CAL:
3
0.000000E+000 0.000000E+000 0.000000E+000
