$SPEC_ID:
PRAK02 Easy-MCA-2k SN
$SPEC_REM:
DET# 1
DETDESC# PRAK01 Easy-MCA-2k SN 15071856
AP# Maestro Version 7.01
$DATE_MEA:
03/12/2002 03:11:59
$MEAS_TIM:
240 240
$DATA:
0 511
       0
       0
       0
       0
       0
       0
       0
       0
       0
       0
       0
       0
       0
       0
       0
       0
       0
       1
       2
      85
     142
     123
     125
     107
     127
     125
     101
      98
      87
      86
      74
      67
      82
      61
      63
      46
      52
      42
      66
      56
      44
      48
      41
      46
      40
      37
      43
      32
      30
      27
      36
      23
      22
      25
      27
      33
      28
      19
      24
      48
      60
      74
      93
     128
     132
     101
      80
      62
      26
      28
      19
      14
      12
      13
      10
      12
       9
       8
      12
      10
       7
      10
      11
      10
       9
       5
      12
      12
       7
      10
       5
      10
       9
       2
       4
       7
       6
       7
       6
      10
       8
       2
       7
       6
       9
       5
       2
       8
       5
       6
       4
       5
       5
       2
       9
       6
       7
       6
       1
       4
       2
       1
       2
       1
       4
       7
       2
       1
       1
       5
       4
       6
       6
       9
       5
       9
       5
       8
       8
       7
       5
       4
       6
       1
       3
       1
       1
       2
       2
       0
       3
       1
       3
       2
       0
       1
       2
       1
       1
       0
       0
       1
       2
       2
       1
       0
       1
       1
       2
       1
       2
       2
       0
       2
       0
       1
       0
       2
       0
       1
       1
       0
       1
       0
       1
       1
       1
       1
       1
       0
       0
       0
       0
       0
       0
       0
       1
       0
       0
       0
       0
       2
       2
       0
       0
       1
       2
       1
       1
       2
       1
       0
       1
       0
       0
       0
       1
       1
       1
       1
       0
       0
       1
       0
       0
       0
       0
       1
       0
       1
       0
       1
       0
       0
       0
       0
       0
       0
       0
       0
       0
       0
       0
       0
       0
       0
       0
       1
       0
       0
       0
       0
       0
       0
       0
       1
       0
       0
       0
       0
       0
       0
       0
       0
       0
       0
       0
       0
       0
       0
       0
       1
       0
       0
       0
       0
       0
       0
       0
       0
       0
       0
       1
       0
       0
       1
       0
       0
       1
       0
       0
       0
       0
       0
       0
       0
       0
       1
       0
       0
       1
       0
       0
       0
       0
       0
       0
       0
       0
       0
       0
       1
       0
       0
       0
       0
       0
       0
       0
       1
       0
       0
       0
       0
       0
       0
       0
       0
       0
       0
       0
       0
       0
       0
       0
       0
       1
       0
       0
       0
       0
       0
       0
       0
       0
       0
       0
       0
       0
       0
       0
       0
       0
       0
       0
       0
       0
       0
       0
       0
       0
       0
       0
       0
       0
       0
       0
       0
       0
       0
       0
       0
       0
       0
       0
       0
       0
       0
       0
       0
       0
       0
       0
       0
       0
       0
       0
       0
       0
       0
       0
       0
       0
       0
       0
       0
       0
       0
       0
       0
       0
       0
       0
       0
       0
       0
       0
       0
       0
       0
       0
       0
       0
       0
       0
       0
       0
       0
       0
       0
       0
       0
       0
       0
       0
       1
       0
       0
       0
       0
       0
       0
       0
       0
       0
       0
       0
       0
       0
       0
       0
       0
       0
       0
       0
       0
       0
       0
       0
       0
       0
       0
       0
       0
       0
       0
       0
       0
       0
       0
       0
       0
       0
       0
       0
       0
       0
       0
       0
       0
       0
       0
       0
       0
       0
       0
       0
       0
       0
       0
       0
       0
       0
       0
       0
       0
       0
       0
       0
       0
       0
       0
       0
       0
       0
       0
       0
       0
       0
       0
       0
       0
       0
       0
       0
       0
       0
       0
       0
       0
       0
       0
$ROI:
0
$PRESETS:
Live Time
240
0
$ENER_FIT:
0.000000 0.000000
$MCA_CAL:
3
0.000000E+000 0.000000E+000 0.000000E+000 
$SHAPE_CAL:
3
0.000000E+000 0.000000E+000 0.000000E+000
