$SPEC_ID:
PRAK02 Easy-MCA-2k SN
$SPEC_REM:
DET# 1
DETDESC# PRAK01 Easy-MCA-2k SN 15071856
AP# Maestro Version 7.01
$DATE_MEA:
03/12/2002 03:32:06
$MEAS_TIM:
240 240
$DATA:
0 511
       0
       0
       0
       0
       0
       0
       0
       0
       0
       0
       0
       0
       0
       0
       0
       0
       0
       0
       2
      69
     142
     133
     132
     109
     116
     110
      82
      90
      84
      93
      80
      89
      65
      56
      51
      46
      66
      52
      45
      42
      49
      45
      47
      42
      44
      34
      23
      28
      24
      34
      19
      22
      20
      19
      21
      27
      31
      22
      29
      36
      50
      73
      89
     112
     139
      95
      84
      58
      26
      19
      12
      11
      10
      18
       7
      12
       7
       9
       6
       8
      10
      14
       0
      12
      11
      11
       7
      14
       7
       6
       7
       5
       7
       6
       8
       8
       4
       7
      10
       8
       4
       2
       3
       6
       8
       6
       8
       7
       9
      12
       5
       3
       5
       6
       4
       1
       2
       4
       6
       3
       6
       3
       3
      10
       3
       4
       0
       6
       4
       4
       3
       2
       7
       6
       5
       9
       8
      12
       7
       5
       8
       4
       2
       1
       1
       2
       2
       1
       2
       3
       2
       2
       1
       1
       1
       0
       0
       1
       2
       0
       1
       0
       1
       1
       1
       0
       2
       2
       0
       1
       1
       1
       2
       1
       3
       1
       0
       0
       0
       0
       1
       0
       1
       2
       0
       1
       2
       0
       0
       1
       0
       1
       1
       0
       0
       0
       1
       1
       2
       0
       0
       1
       1
       0
       2
       0
       1
       1
       0
       0
       0
       1
       0
       1
       0
       0
       0
       0
       0
       1
       0
       0
       0
       0
       1
       0
       0
       0
       2
       0
       0
       0
       1
       0
       0
       0
       0
       0
       0
       1
       0
       0
       0
       0
       0
       0
       0
       0
       0
       0
       0
       0
       0
       0
       0
       0
       0
       0
       0
       0
       0
       0
       0
       2
       1
       1
       0
       0
       1
       0
       0
       0
       0
       1
       0
       0
       0
       0
       0
       0
       0
       0
       0
       0
       0
       0
       0
       0
       0
       0
       0
       0
       0
       0
       0
       0
       0
       0
       0
       1
       0
       1
       1
       0
       0
       2
       0
       0
       0
       0
       0
       0
       0
       0
       0
       0
       0
       1
       0
       0
       0
       0
       0
       0
       0
       0
       0
       0
       0
       0
       0
       0
       0
       0
       0
       0
       1
       0
       0
       0
       0
       0
       0
       0
       0
       0
       0
       0
       0
       0
       0
       0
       0
       0
       0
       0
       0
       0
       0
       0
       0
       0
       0
       0
       0
       0
       0
       0
       0
       0
       0
       0
       0
       0
       0
       0
       0
       0
       1
       0
       0
       0
       0
       0
       0
       0
       0
       0
       0
       0
       0
       0
       0
       0
       0
       0
       0
       0
       0
       0
       0
       0
       0
       0
       0
       0
       0
       0
       0
       0
       0
       0
       0
       0
       0
       0
       0
       0
       0
       0
       0
       0
       0
       0
       0
       0
       0
       0
       0
       0
       0
       0
       0
       0
       0
       0
       0
       0
       0
       0
       0
       0
       0
       0
       0
       0
       0
       0
       0
       0
       0
       0
       0
       0
       0
       0
       0
       0
       0
       0
       0
       0
       0
       0
       0
       0
       0
       0
       0
       0
       0
       0
       0
       0
       0
       0
       0
       0
       0
       0
       0
       0
       0
       0
       0
       0
       0
       0
       0
       0
       0
       0
       0
       0
       0
       0
       0
       0
       0
       0
       0
       0
       0
       0
       0
       0
       0
       0
       0
       0
       0
       0
$ROI:
0
$PRESETS:
Live Time
240
0
$ENER_FIT:
0.000000 0.000000
$MCA_CAL:
3
0.000000E+000 0.000000E+000 0.000000E+000 
$SHAPE_CAL:
3
0.000000E+000 0.000000E+000 0.000000E+000
