$SPEC_ID:
PRAK02 Easy-MCA-2k SN
$SPEC_REM:
DET# 1
DETDESC# PRAK01 Easy-MCA-2k SN 15071856
AP# Maestro Version 7.01
$DATE_MEA:
03/12/2002 01:00:10
$MEAS_TIM:
240 240
$DATA:
0 511
       0
       0
       0
       0
       0
       0
       5
      31
      70
      71
      29
       7
       9
       1
       1
       1
       2
       2
       4
     791
    1457
    1450
    1394
    1428
    1383
    1376
    1258
    1296
    1192
    1157
    1168
    1117
    1147
    1107
    1162
    1099
    1130
    1141
    1113
    1183
    1109
    1139
    1196
    1176
    1147
    1053
     857
     818
     684
     594
     531
     462
     466
     447
     389
     443
     469
     468
     511
     663
     932
    1600
    2715
    4149
    5724
    7026
    7186
    6187
    4559
    2851
    1580
     690
     265
      75
      40
      22
      16
      13
      14
      12
      13
       8
       5
      14
      12
      12
      11
       5
      11
      13
      12
       9
      10
       7
      10
      10
       9
      12
       8
       7
       3
       8
       7
       5
       4
       9
       6
      12
       6
      11
      10
       5
       7
       5
       6
      11
       6
       3
       5
       4
       4
       1
       8
       3
       5
       2
       4
       5
       5
       1
       2
       2
       3
       2
       4
       4
       5
       5
       9
       2
       7
       4
       7
       5
       4
       5
       5
       4
       2
       1
       0
       0
       4
       4
       1
       2
       5
       2
       0
       0
       2
       1
       1
       0
       1
       1
       1
       0
       1
       0
       1
       2
       0
       0
       0
       3
       0
       2
       2
       1
       3
       0
       1
       0
       2
       1
       1
       1
       1
       1
       1
       1
       3
       1
       2
       0
       1
       0
       0
       0
       1
       0
       0
       1
       0
       1
       0
       1
       0
       1
       1
       0
       2
       2
       0
       0
       0
       1
       1
       1
       1
       0
       1
       0
       0
       1
       2
       0
       0
       0
       0
       0
       0
       1
       0
       0
       2
       0
       1
       0
       0
       1
       0
       1
       0
       1
       0
       0
       0
       1
       0
       0
       0
       0
       0
       0
       0
       0
       0
       0
       0
       0
       0
       0
       0
       0
       0
       0
       0
       0
       0
       0
       0
       0
       0
       1
       0
       0
       0
       0
       0
       0
       0
       0
       0
       0
       0
       0
       0
       0
       0
       0
       0
       0
       0
       0
       0
       0
       0
       0
       0
       0
       0
       0
       0
       0
       0
       1
       0
       0
       0
       1
       0
       1
       0
       0
       0
       0
       0
       0
       0
       0
       0
       0
       0
       0
       0
       0
       0
       0
       0
       0
       0
       0
       1
       0
       0
       0
       0
       0
       1
       0
       0
       0
       0
       0
       0
       1
       0
       0
       0
       0
       0
       0
       0
       0
       0
       1
       0
       0
       1
       0
       0
       0
       0
       0
       1
       0
       0
       0
       0
       0
       0
       1
       0
       0
       0
       0
       0
       1
       0
       0
       0
       0
       0
       0
       0
       0
       0
       0
       0
       0
       0
       0
       0
       0
       0
       0
       0
       0
       0
       0
       0
       0
       0
       0
       0
       0
       0
       0
       0
       0
       0
       0
       0
       0
       0
       0
       0
       0
       0
       0
       0
       1
       0
       0
       0
       0
       0
       0
       0
       0
       0
       0
       0
       0
       0
       0
       0
       0
       0
       0
       0
       0
       0
       0
       0
       0
       0
       0
       0
       0
       0
       0
       0
       0
       0
       0
       0
       0
       0
       0
       0
       0
       0
       0
       0
       0
       0
       0
       0
       0
       0
       0
       0
       0
       0
       0
       0
       0
       0
       0
       0
       0
       0
       0
       0
       0
       0
       0
       0
       0
       0
       0
       0
       0
       0
       0
       0
       0
       0
       0
       0
       0
       0
       0
       0
       0
       0
       0
       0
       0
$ROI:
0
$PRESETS:
Live Time
240
0
$ENER_FIT:
0.000000 0.000000
$MCA_CAL:
3
0.000000E+000 0.000000E+000 0.000000E+000 
$SHAPE_CAL:
3
0.000000E+000 0.000000E+000 0.000000E+000
