$SPEC_ID:
PRAK02 Easy-MCA-2k SN
$SPEC_REM:
DET# 1
DETDESC# PRAK01 Easy-MCA-2k SN 15071856
AP# Maestro Version 7.01
$DATE_MEA:
03/12/2002 03:55:21
$MEAS_TIM:
240 240
$DATA:
0 511
       0
       0
       0
       0
       0
       0
       0
       0
       0
       0
       0
       0
       2
       0
       0
       1
       0
       1
       1
     660
    1282
    1196
    1204
    1118
    1050
    1106
    1053
    1018
     950
     977
     987
     973
     944
     945
     966
     916
     937
     930
     929
     963
    1001
     944
     917
     972
     895
     699
     693
     545
     471
     411
     407
     376
     339
     319
     353
     367
     400
     476
     653
    1015
    1755
    2926
    4350
    5710
    5992
    5577
    4256
    2688
    1511
     688
     305
      84
      34
      21
      12
       4
       8
       8
      10
       9
      11
       9
       9
      13
       8
       9
      11
       5
       9
      11
      14
      10
      15
      10
       6
       6
       4
       6
       4
       8
       6
       7
       7
      11
       4
       7
       6
      10
       7
       5
       7
      11
       6
       4
       4
       9
       2
       2
       7
       5
       5
       1
       2
       6
       1
       4
       4
       4
       2
       5
       6
       5
       5
       5
       7
       3
       4
       4
       8
       7
       7
       6
       2
       0
       0
       3
       0
       2
       1
       3
       3
       1
       2
       0
       1
       3
       0
       2
       0
       1
       0
       1
       2
       3
       3
       2
       2
       0
       0
       0
       0
       1
       1
       0
       0
       2
       1
       0
       0
       0
       1
       0
       1
       1
       1
       0
       1
       1
       0
       1
       2
       0
       1
       0
       0
       0
       0
       0
       0
       0
       0
       1
       1
       1
       0
       2
       1
       0
       0
       1
       3
       1
       0
       0
       0
       1
       0
       0
       0
       0
       0
       0
       0
       0
       0
       1
       0
       0
       0
       0
       0
       0
       0
       0
       0
       1
       0
       1
       0
       0
       0
       0
       0
       0
       0
       0
       0
       0
       0
       1
       0
       0
       0
       0
       0
       0
       0
       0
       0
       0
       0
       0
       0
       0
       0
       0
       1
       0
       0
       0
       0
       0
       0
       1
       0
       0
       1
       0
       0
       0
       0
       0
       0
       0
       1
       0
       0
       1
       2
       0
       0
       0
       0
       0
       0
       0
       3
       0
       0
       0
       0
       0
       0
       0
       0
       1
       0
       0
       0
       0
       0
       0
       0
       0
       0
       0
       0
       0
       0
       0
       0
       0
       0
       0
       0
       0
       0
       0
       1
       0
       0
       0
       0
       0
       0
       0
       1
       0
       0
       0
       0
       0
       0
       0
       0
       0
       0
       0
       0
       0
       0
       0
       0
       0
       0
       0
       0
       0
       0
       0
       0
       0
       0
       0
       0
       0
       0
       0
       0
       0
       0
       0
       1
       0
       0
       0
       0
       0
       0
       0
       0
       0
       0
       0
       0
       0
       0
       0
       0
       0
       0
       0
       0
       0
       0
       0
       0
       0
       0
       0
       0
       0
       0
       0
       0
       0
       0
       0
       0
       0
       0
       0
       0
       0
       0
       0
       0
       0
       0
       0
       0
       0
       0
       0
       0
       0
       0
       0
       0
       0
       0
       0
       0
       0
       0
       0
       0
       0
       0
       0
       0
       0
       0
       0
       0
       0
       0
       0
       0
       0
       0
       0
       0
       0
       0
       0
       0
       0
       0
       0
       0
       0
       0
       0
       0
       0
       0
       0
       0
       0
       0
       0
       0
       0
       0
       0
       0
       0
       0
       0
       0
       0
       0
       0
       0
       0
       0
       0
       0
       0
       0
       0
       0
       0
       0
       0
       0
       0
       0
       0
       0
       0
       0
       0
       0
       0
       0
       0
       0
       0
       0
       0
$ROI:
0
$PRESETS:
Live Time
240
0
$ENER_FIT:
0.000000 0.000000
$MCA_CAL:
3
0.000000E+000 0.000000E+000 0.000000E+000 
$SHAPE_CAL:
3
0.000000E+000 0.000000E+000 0.000000E+000
