$SPEC_ID:
No sample description was entered.
$SPEC_REM:
DET# 7089150
DETDESC# PRAKTIKUM 926
AP# Maestro Version 7.01
$DATE_MEA:
02/15/2002 00:41:16
$MEAS_TIM:
2073 2092
$DATA:
0 8191
       0
       0
       0
       0
       0
       0
       0
       0
       0
       0
       0
       0
       0
       0
       0
       0
       0
       0
       0
       0
       0
       0
       0
       0
       0
       0
       0
       0
       0
       0
       0
       0
       0
       0
       0
       0
       0
       0
       0
       0
       0
       0
       0
       0
       0
       0
       0
       0
       0
       0
       1
       7
      37
     111
     259
     463
     547
     620
     628
     674
     683
     627
     609
     642
     621
     596
     649
     584
     571
     556
     541
     572
     555
     577
     573
     533
     572
     564
     554
     561
     519
     529
     486
     526
     468
     541
     524
     504
     479
     485
     492
     506
     522
     467
     467
     438
     453
     510
     450
     462
     453
     451
     412
     440
     450
     457
     461
     432
     433
     393
     443
     397
     402
     455
     409
     382
     415
     417
     351
     394
     365
     408
     405
     391
     366
     387
     372
     386
     392
     398
     375
     389
     374
     361
     383
     390
     372
     372
     358
     347
     348
     358
     375
     369
     373
     337
     360
     347
     341
     355
     365
     374
     362
     311
     349
     314
     344
     373
     333
     357
     323
     336
     349
     343
     381
     340
     324
     315
     332
     332
     339
     332
     298
     331
     303
     308
     305
     319
     325
     321
     331
     324
     317
     335
     309
     308
     307
     291
     322
     294
     290
     329
     288
     333
     294
     342
     296
     323
     332
     324
     314
     301
     294
     309
     291
     316
     308
     300
     337
     294
     309
     303
     288
     287
     295
     296
     286
     270
     278
     280
     311
     271
     292
     268
     306
     300
     306
     302
     306
     308
     365
     327
     366
     344
     343
     291
     309
     281
     282
     274
     311
     253
     277
     294
     270
     294
     276
     274
     298
     289
     314
     268
     266
     284
     299
     278
     279
     305
     277
     279
     287
     273
     342
     344
     347
     331
     353
     331
     276
     299
     312
     299
     286
     303
     274
     288
     278
     279
     276
     300
     301
     297
     326
     302
     309
     315
     338
     310
     289
     310
     308
     286
     325
     299
     313
     328
     334
     336
     350
     347
     319
     337
     359
     361
     382
     349
     339
     380
     364
     394
     467
     591
     775
     787
     741
     614
     551
     429
     374
     350
     369
     377
     363
     336
     344
     319
     336
     357
     391
     380
     369
     410
     402
     443
     420
     426
     428
     416
     420
     421
     385
     396
     399
     400
     397
     403
     402
     432
     416
     418
     355
     397
     404
     411
     442
     433
     401
     420
     441
     485
     424
     433
     417
     457
     498
     653
     932
    1185
    1545
    1644
    1482
    1199
     776
     644
     554
     635
     906
    1281
    1959
    2490
    2662
    2429
    1869
    1179
     729
     519
     442
     471
     450
     500
     587
     599
     572
     484
     423
     424
     427
     482
     539
     552
     533
     493
     414
     396
     346
     354
     350
     383
     380
     514
     574
     650
     730
     781
     678
     572
     516
     443
     422
     380
     376
     372
     412
     421
     500
     609
     815
     960
    1056
    1228
    1110
     901
     714
     569
     471
     411
     407
     438
     472
     561
     691
     693
     724
     673
     567
     476
     366
     364
     339
     440
     542
     734
    1082
    1336
    1596
    1692
    1433
    1180
     896
     611
     547
     456
     533
     567
     635
     686
     652
     556
     449
     408
     376
     349
     325
     312
     301
     285
     327
     324
     330
     410
     468
     584
     656
     731
     628
     524
     455
     380
     327
     311
     326
     318
     351
     294
     276
     305
     291
     314
     302
     265
     266
     276
     317
     313
     314
     282
     300
     302
     303
     265
     295
     307
     283
     304
     309
     315
     303
     309
     318
     332
     290
     289
     289
     283
     312
     311
     307
     307
     303
     282
     295
     333
     348
     342
     345
     342
     335
     346
     313
     341
     340
     349
     383
     407
     442
     419
     408
     390
     387
     354
     358
     392
     403
     384
     386
     367
     322
     340
     320
     348
     358
     328
     319
     336
     352
     315
     305
     267
     303
     291
     309
     272
     309
     324
     282
     289
     304
     298
     268
     303
     316
     276
     309
     280
     273
     278
     310
     312
     298
     266
     296
     303
     313
     310
     324
     312
     279
     307
     307
     290
     307
     270
     268
     294
     316
     276
     293
     287
     311
     274
     316
     323
     307
     318
     256
     303
     289
     307
     311
     284
     310
     285
     299
     285
     307
     309
     319
     290
     279
     264
     309
     281
     292
     266
     307
     269
     312
     309
     293
     320
     334
     329
     315
     285
     298
     276
     290
     287
     313
     283
     304
     315
     300
     307
     319
     290
     343
     342
     314
     266
     308
     313
     301
     281
     308
     281
     291
     279
     307
     271
     310
     304
     317
     308
     322
     344
     322
     311
     341
     293
     342
     266
     321
     296
     352
     296
     319
     321
     345
     315
     333
     326
     314
     304
     313
     305
     290
     313
     360
     364
     417
     490
     556
     513
     471
     443
     399
     357
     321
     311
     308
     340
     274
     351
     331
     289
     322
     303
     349
     315
     296
     341
     328
     306
     312
     350
     347
     353
     317
     297
     337
     327
     342
     331
     311
     339
     315
     326
     352
     308
     341
     295
     361
     302
     296
     302
     322
     325
     326
     343
     393
     386
     402
     435
     405
     390
     343
     344
     319
     325
     314
     335
     310
     296
     276
     318
     294
     330
     307
     317
     296
     306
     293
     327
     321
     293
     316
     286
     291
     286
     274
     319
     288
     330
     276
     282
     305
     315
     288
     279
     287
     305
     295
     284
     305
     312
     326
     341
     347
     328
     333
     300
     302
     273
     291
     282
     244
     287
     264
     287
     273
     279
     244
     265
     248
     239
     270
     266
     250
     256
     260
     245
     272
     264
     275
     244
     298
     233
     253
     280
     242
     279
     236
     268
     241
     259
     252
     253
     263
     247
     240
     287
     261
     262
     262
     285
     260
     268
     249
     264
     286
     256
     261
     256
     224
     252
     257
     279
     228
     272
     245
     231
     264
     237
     294
     255
     259
     268
     237
     245
     263
     271
     257
     248
     257
     259
     257
     266
     238
     253
     258
     259
     252
     252
     269
     263
     306
     235
     250
     276
     247
     271
     254
     311
     256
     284
     270
     266
     253
     284
     341
     446
     710
     979
    1303
    1602
    1782
    1723
    1541
    1214
     894
     584
     409
     314
     274
     266
     217
     265
     260
     232
     222
     253
     245
     272
     227
     247
     252
     253
     232
     237
     254
     251
     233
     232
     232
     252
     246
     255
     228
     252
     235
     257
     223
     212
     254
     230
     218
     235
     258
     235
     268
     225
     255
     232
     264
     240
     229
     235
     250
     230
     213
     221
     233
     245
     255
     216
     232
     230
     271
     229
     242
     267
     218
     239
     230
     219
     236
     236
     223
     211
     244
     222
     233
     229
     231
     225
     209
     210
     235
     207
     184
     228
     217
     199
     227
     219
     207
     235
     254
     254
     251
     246
     258
     223
     221
     189
     213
     204
     191
     195
     189
     186
     189
     189
     188
     180
     204
     176
     201
     168
     174
     183
     210
     197
     186
     196
     195
     213
     180
     158
     204
     182
     189
     151
     188
     154
     181
     163
     164
     210
     185
     201
     164
     164
     176
     183
     164
     165
     176
     166
     164
     199
     194
     180
     180
     160
     174
     185
     186
     176
     182
     195
     182
     161
     178
     180
     146
     186
     182
     182
     138
     184
     173
     193
     177
     172
     167
     175
     187
     156
     182
     171
     134
     186
     180
     169
     177
     155
     181
     146
     142
     166
     189
     181
     164
     140
     145
     171
     161
     182
     160
     179
     178
     186
     165
     166
     179
     160
     160
     163
     146
     163
     141
     160
     160
     157
     168
     149
     184
     163
     151
     185
     169
     165
     169
     151
     153
     162
     175
     141
     133
     159
     156
     171
     158
     155
     171
     151
     163
     165
     146
     165
     179
     154
     190
     227
     224
     241
     247
     244
     261
     193
     175
     161
     146
     144
     153
     151
     171
     159
     139
     162
     140
     159
     142
     188
     162
     140
     156
     148
     208
     230
     356
     559
     965
    1284
    1542
    1643
    1486
    1179
     796
     521
     305
     195
     160
     164
     153
     127
     162
     138
     134
     149
     124
     144
     125
     139
     122
     130
     108
     135
     145
     150
     127
     132
     134
     137
     144
     142
     143
     109
     122
     117
     124
     142
     111
     148
     138
     132
     125
     118
     136
     132
     137
     128
     127
     130
     104
     146
     126
     118
     129
     120
     147
     122
     129
     129
     124
     140
     130
     138
     125
     145
     129
     139
     178
     172
     182
     180
     171
     149
     141
     138
     132
     128
     139
     180
     210
     233
     229
     201
     179
     174
     138
     133
     129
     137
     128
     122
     136
     118
     111
     116
     105
     103
     111
     113
     114
     110
     128
     138
     123
     109
     110
     126
     109
     117
     113
     122
     117
     124
     113
     103
      94
     103
     108
     119
     115
     104
     107
     112
     102
     101
     114
     102
     133
     140
     159
     161
     183
     222
     198
     199
     178
     168
     164
     182
     167
     213
     194
     206
     166
     163
     115
     127
     110
     123
     125
     120
     101
     125
     138
     122
     163
     168
     141
     175
     185
     157
     155
     124
     123
     127
     105
     105
     106
      94
     105
     126
     115
     118
     100
     107
     100
      96
      90
     110
     124
     114
     102
      95
      92
     111
     106
     114
     114
     105
     121
     119
     104
     116
      96
      95
     128
     100
     110
      98
     127
     119
     119
     113
     116
     127
     124
      93
      93
     102
     107
     136
     123
     122
     116
     149
     120
     130
     102
      83
     112
     112
      94
     105
     115
      92
     109
     105
     103
     110
      95
     112
     115
     112
     109
      96
     106
     108
     107
      91
     120
      86
      97
     100
     102
     116
     123
     126
     113
     132
     166
     208
     374
     619
    1058
    1673
    2252
    2623
    2957
    2657
    2247
    1608
    1090
     611
     332
     219
     137
     126
     108
     100
      94
      99
      94
      94
      77
     104
     106
      78
     113
     134
     125
     124
     106
     113
     115
     101
     108
      84
      97
     103
      84
     113
     107
     105
     107
      98
     109
      94
      86
      98
     107
      96
      90
      94
      79
      86
      93
      96
      84
      84
      95
      97
     103
      82
      91
      86
      98
      83
      80
      79
      83
      81
      99
      89
      93
      86
      83
      93
     109
      89
      91
      72
      92
      80
      86
      88
      82
      76
      78
     100
      93
      86
      83
      83
     101
      63
      90
      93
      98
      76
     105
     101
      86
      86
     104
      81
      90
      66
      93
      75
      87
      90
      96
      78
      84
      89
      83
      79
      93
      88
      87
      85
      80
      72
      81
      85
      76
     103
      85
      89
      85
      89
      85
      91
      68
      71
      88
      96
      96
      90
     105
      89
      93
      80
     100
     113
     108
      96
     106
      99
      96
      84
      81
      89
      81
      91
      92
      91
      79
      82
      72
      93
      69
      89
      79
      78
      87
      97
      81
      88
      73
      97
     101
      99
      99
     112
     104
     105
     115
     101
      83
      94
      95
      68
      86
     101
      96
      86
      72
      72
      81
      84
      80
      96
      89
     102
      88
      82
     111
      96
      91
      87
     103
     100
      79
      76
      90
      89
      78
      77
      77
      80
      94
      82
      91
      93
      92
      97
      91
     107
      91
      86
      74
      90
      75
      78
      79
      74
      81
      68
      92
      91
      98
      81
      80
      83
      80
      71
      85
      77
     104
      77
      75
      92
      73
      84
      84
      96
      64
      70
      69
      84
      79
      90
      88
      82
      80
      76
     108
      70
      70
      67
      93
      91
     101
     100
      94
      97
     118
     101
      93
     132
     125
     153
     264
     419
     739
    1203
    1798
    2650
    3460
    4056
    4191
    3913
    3275
    2423
    1698
    1027
     525
     298
     196
     111
     106
      84
      80
      77
      89
      70
      71
      82
      70
      83
      79
      80
      83
      91
      55
      78
      66
      82
      60
      69
      76
      74
      67
      73
      74
      62
      54
      72
      76
      77
      80
      69
      65
      59
      57
      62
      69
      57
      73
      70
      77
      72
      63
      78
      70
      56
      58
      76
      62
      52
      73
      65
      56
      83
      66
      57
      70
      63
      59
      79
      80
      63
      57
      74
      70
      69
      82
      70
      63
      67
      77
      69
      79
      69
      71
      65
      75
      64
      82
      60
      65
      74
      68
      48
      66
      67
      74
      59
      63
      61
      80
      71
      69
      63
      67
      67
      66
      58
      64
      61
      69
      65
      59
      61
      64
      78
      69
      70
      95
      66
      71
      65
      78
      82
      73
      68
      74
      75
      55
      66
      72
      69
      60
      72
      62
      59
      52
      71
      82
      72
      60
      81
      72
      71
      64
      73
      67
      57
      55
      68
      62
      68
      73
      68
      66
      60
      67
      52
      63
      82
      64
      70
      82
      78
      63
      73
      75
      89
     108
     113
     107
      96
      89
      96
      73
     109
      93
      81
      96
     119
     102
     107
      87
      82
      66
      70
      64
      80
      71
      71
      68
      71
      65
      71
      74
      85
      80
      67
      71
      77
      74
      74
      60
      81
      76
      76
      66
      70
      59
      69
      70
      77
      65
      74
      82
      65
      81
      75
      64
      74
      81
      70
      71
      60
      78
      66
      78
      82
      72
      63
      73
      74
      75
      78
      75
      53
      85
      75
      90
      91
      88
     114
     122
     121
      86
      90
      89
      70
      77
      75
      74
      77
      76
      88
      84
     101
      95
      89
      97
      97
      98
      89
      90
      71
      65
      87
      76
      66
      84
      58
      83
      62
      66
      70
      82
      87
      78
      67
      62
      74
      77
      82
      75
      67
      79
      63
      62
      73
      84
      75
      75
      68
      74
      70
      88
      78
      77
      58
      85
      70
      65
      71
      66
      65
      79
      69
      79
      70
      70
      79
      79
      69
      70
      97
      78
      82
      64
      80
      81
      68
      67
      81
      66
      75
      58
      79
      67
      90
      65
      89
      67
      68
      78
      78
      70
      69
      88
      85
      75
      65
      76
      80
      61
      86
      70
      78
      76
      73
      68
      79
      73
      83
      63
      72
      96
      91
      75
      76
      77
      63
      77
      62
      71
      77
      67
      86
      69
      67
      64
      70
      75
      75
      67
      68
      61
      63
      76
      64
      61
      63
      65
      58
      56
      57
      45
      70
      71
      70
      59
      58
      60
      59
      54
      70
      75
      54
      45
      51
      62
      45
      54
      53
      55
      63
      55
      61
      57
      60
      49
      54
      45
      52
      50
      54
      59
      61
      51
      53
      57
      49
      57
      53
      57
      52
      53
      51
      48
      53
      59
      58
      54
      63
      50
      40
      46
      68
      58
      46
      51
      43
      38
      48
      44
      48
      51
      52
      51
      58
      59
      52
      55
      62
      63
      50
      50
      51
      47
      56
      45
      33
      38
      63
      39
      52
      47
      32
      47
      58
      41
      65
      44
      36
      45
      53
      46
      42
      42
      44
      60
      55
      34
      42
      47
      49
      52
      55
      61
      46
      46
      46
      48
      43
      50
      63
      42
      58
      53
      67
      66
      61
      56
      58
      50
      53
      37
      54
      57
      44
      44
      43
      50
      41
      52
      32
      48
      46
      43
      38
      54
      48
      39
      54
      53
      50
      45
      44
      56
      47
      56
      52
      64
      44
      62
      49
      55
      35
      56
      53
      45
      43
      33
      54
      42
      47
      42
      40
      47
      51
      50
      36
      54
      49
      45
      39
      44
      43
      51
      56
      42
      51
      36
      51
      48
      48
      37
      40
      39
      61
      55
      48
      50
      43
      44
      49
      43
      44
      39
      44
      39
      27
      35
      43
      41
      40
      31
      53
      42
      40
      38
      42
      36
      45
      45
      35
      42
      42
      41
      34
      48
      53
      49
      38
      56
      37
      47
      43
      44
      42
      48
      37
      38
      42
      45
      52
      41
      36
      41
      48
      52
      71
      58
      58
      45
      63
      67
      52
      48
      53
      60
      45
      38
      57
      33
      44
      32
      38
      38
      45
      32
      27
      45
      43
      41
      43
      33
      33
      38
      43
      49
      50
      48
      71
      72
      60
      70
      55
      65
      52
      45
      45
      43
      43
      29
      45
      43
      31
      35
      33
      41
      29
      43
      45
      33
      34
      38
      40
      30
      39
      36
      35
      36
      34
      33
      34
      35
      23
      29
      41
      36
      51
      33
      41
      39
      37
      36
      37
      31
      32
      30
      37
      40
      46
      27
      21
      31
      25
      39
      41
      33
      42
      25
      37
      52
      29
      35
      42
      29
      30
      31
      38
      32
      30
      36
      37
      44
      33
      31
      32
      35
      38
      45
      35
      35
      27
      33
      30
      28
      38
      34
      34
      48
      35
      37
      23
      27
      33
      30
      34
      27
      34
      28
      42
      31
      30
      32
      45
      28
      37
      46
      35
      56
      40
      39
      44
      45
      50
      46
      62
      43
      53
      36
      31
      41
      39
      41
      46
      42
      38
      34
      42
      31
      37
      31
      40
      32
      40
      33
      43
      31
      26
      29
      34
      31
      27
      37
      29
      36
      32
      30
      31
      35
      20
      35
      34
      35
      41
      36
      39
      40
      40
      35
      33
      40
      32
      32
      35
      16
      31
      31
      26
      31
      33
      19
      36
      41
      39
      31
      26
      35
      36
      37
      28
      40
      35
      27
      33
      34
      39
      41
      29
      31
      26
      35
      28
      38
      32
      27
      33
      39
      29
      34
      38
      29
      33
      44
      36
      39
      41
      32
      42
      26
      31
      31
      34
      27
      36
      40
      38
      28
      29
      35
      41
      31
      37
      38
      35
      31
      43
      35
      43
      32
      43
      39
      40
      29
      41
      33
      30
      36
      28
      19
      35
      30
      38
      38
      40
      33
      28
      40
      33
      31
      36
      41
      28
      28
      39
      39
      34
      26
      31
      31
      35
      30
      28
      34
      34
      37
      36
      31
      53
      39
      47
      39
      41
      26
      41
      37
      35
      39
      25
      35
      40
      29
      31
      26
      32
      32
      20
      36
      29
      29
      38
      39
      21
      33
      38
      31
      45
      27
      39
      40
      21
      29
      25
      26
      37
      36
      33
      29
      24
      19
      33
      31
      36
      34
      34
      33
      33
      38
      31
      28
      26
      31
      22
      35
      44
      32
      29
      30
      31
      26
      44
      25
      33
      27
      31
      35
      33
      24
      31
      33
      27
      39
      28
      35
      45
      31
      17
      29
      38
      27
      25
      30
      27
      32
      38
      31
      30
      38
      35
      34
      43
      38
      32
      30
      26
      27
      26
      32
      31
      34
      29
      29
      26
      29
      38
      31
      25
      32
      35
      34
      31
      32
      30
      23
      34
      32
      27
      34
      29
      40
      26
      32
      30
      32
      28
      31
      25
      37
      34
      29
      25
      24
      19
      24
      32
      37
      36
      23
      29
      39
      32
      28
      29
      28
      31
      37
      28
      41
      35
      33
      35
      36
      31
      31
      25
      29
      28
      28
      27
      40
      25
      26
      27
      29
      22
      26
      24
      26
      27
      33
      32
      23
      29
      34
      40
      42
      28
      38
      33
      46
      44
      57
      40
      30
      46
      30
      29
      34
      34
      32
      31
      31
      31
      28
      27
      19
      32
      41
      25
      24
      28
      22
      27
      37
      35
      32
      29
      22
      31
      32
      26
      30
      27
      34
      33
      31
      40
      27
      32
      25
      21
      26
      29
      42
      26
      23
      26
      28
      28
      19
      33
      26
      27
      30
      31
      34
      25
      21
      31
      28
      32
      25
      17
      21
      22
      21
      25
      27
      30
      26
      29
      28
      17
      38
      38
      31
      25
      30
      25
      18
      31
      28
      30
      25
      35
      11
      30
      26
      25
      27
      25
      31
      37
      19
      26
      20
      31
      31
      32
      21
      30
      24
      25
      24
      26
      24
      28
      25
      31
      28
      20
      23
      24
      20
      27
      30
      32
      21
      39
      17
      31
      29
      33
      41
      45
      39
      36
      55
      54
      70
      66
     111
     127
     187
     225
     286
     446
     613
     875
    1152
    1407
    1743
    1901
    1935
    1851
    1677
    1530
    1202
     960
     687
     447
     258
     167
     100
      81
      44
      39
      37
      31
      23
      27
      24
      31
      34
      25
      31
      29
      22
      27
      26
      13
      25
      27
      30
      29
      26
      35
      28
      22
      21
      27
      24
      31
      31
      19
      20
      27
      28
      27
      22
      23
      21
      21
      25
      22
      17
      18
      21
      19
      21
      22
      17
      28
      15
      24
      18
      26
      28
      23
      26
      29
      30
      18
      20
      19
      17
      20
      16
      26
      14
      25
      18
      24
      22
      22
      21
      28
      18
      20
      25
      24
      25
      26
      29
      20
       9
      38
      16
      16
      17
      21
      28
      14
      24
      23
      29
      15
      29
      17
      22
      32
      21
      22
      19
      22
      26
      23
      22
      25
      24
      25
      24
      18
      24
      22
      15
      19
      22
      20
      17
      28
      20
      10
      19
      26
      28
      21
      30
      21
      27
      16
      27
      27
      24
      29
      33
      28
      34
      20
      24
      29
      27
      23
      21
      15
      17
      23
      23
      22
      26
      26
      21
      21
      23
      21
      11
      22
      23
      22
      18
      22
      18
      21
      28
      24
      17
      23
      16
      30
      17
      20
      14
      21
      31
      28
      26
      21
      26
      30
      23
      25
      16
      19
      13
      22
      17
      34
      28
      32
      24
      27
      27
      20
      32
      15
      15
      21
      13
      21
      15
      17
      18
      25
      25
      28
      14
      24
      27
      28
      17
      25
      25
      17
      21
      24
      31
      18
      17
      19
      17
      27
      20
      23
      23
      17
      27
      27
      28
      33
      26
      21
      21
      22
      28
      22
      26
      18
      20
      19
      21
      20
      24
      21
      16
      23
      25
      25
      22
      25
      24
      30
      22
      28
      31
      23
      24
      16
      23
      34
      33
      50
      61
      70
      67
      73
      66
      80
      72
      58
      43
      42
      29
      22
      33
      19
      28
      19
      22
      26
      22
      24
      19
      26
      31
      22
      14
      14
      16
      22
      28
      16
      23
      29
      22
      13
      22
      26
      20
      18
      13
      29
      24
      13
      19
      28
      11
      21
      17
      23
      20
      20
      19
      20
      16
      24
      25
      28
      22
      33
      27
      16
      25
      22
      19
      34
      16
      20
      15
      18
      19
      22
      14
      21
      28
      22
      31
      18
      22
      28
      20
      24
      21
      21
      21
      17
      23
      20
      16
      19
      21
      21
      18
      27
      27
      29
      25
      18
      18
      20
      22
      12
      20
      30
      21
      19
      22
      23
      16
      21
      20
      25
      21
      21
      20
      27
      28
      18
      20
      30
      15
      18
      18
      22
      16
      15
      13
      17
      19
      13
      18
      23
      27
      18
      19
      20
      25
      26
      20
      19
      32
      25
      30
      19
      17
      26
      23
      23
      26
      25
      28
      23
      12
      25
      26
      23
      19
      11
      20
      16
      19
      21
      26
      29
      21
      25
      19
      18
      30
      24
      19
      22
      13
      30
      19
      23
      23
      18
      26
      20
      28
      18
      22
      31
      34
      43
      31
      34
      41
      26
      34
      28
      30
      26
      26
      33
      34
      23
      25
      24
      15
      19
      14
      27
      13
      28
      19
      26
      29
      24
      33
      22
      27
      20
      22
      18
      22
      20
      23
      26
      23
      21
      21
      28
      14
      17
      23
      23
      12
      26
      20
      13
      19
      21
      15
      14
      17
      20
      25
      18
      26
      30
      17
      21
      18
      15
      22
      22
      17
      24
      20
      22
      18
      20
      21
      18
      21
      18
      16
      22
      20
      29
      24
      30
      26
      24
      27
      34
      33
      30
      29
      30
      27
      35
      27
      22
      21
      21
      16
      28
      13
      24
      17
      22
      21
      21
      31
      14
      19
      18
      26
      21
      19
      32
      26
      27
      30
      24
      25
      20
      18
      28
      24
      16
      18
      18
      25
      24
      17
      17
      28
      20
      14
      21
      17
      19
      22
      18
      14
      13
      25
      16
      22
      29
      22
      18
      16
      25
      16
      13
      11
      21
      14
      17
      25
      18
      21
      17
      20
      21
      18
      27
      26
      22
      22
      20
      27
      23
      24
      15
      25
      19
      19
      29
      19
      20
      23
      19
      21
      24
      15
      25
      32
      21
      19
      18
      17
      24
      25
      31
      29
      29
      28
      31
      34
      32
      29
      35
      43
      37
      29
      33
      28
      32
      28
      26
      18
      20
      22
      18
      14
      24
      18
      21
      25
      17
      15
      24
      18
      15
      26
      18
      12
      16
      27
      19
      26
      14
      21
      21
      17
      23
      23
      22
      26
      17
      24
      27
      22
      19
      23
      15
      18
      24
      27
      17
      30
      22
      18
      27
      26
      21
      23
      20
      22
      21
      19
      23
      23
      21
      16
      13
      23
      20
      23
      20
      18
      27
      23
      13
      26
      17
      21
      20
      22
      21
      20
      16
      29
      26
      28
      27
      19
      17
      23
      14
      13
      12
      22
      16
      25
      25
      17
      16
      17
      21
      16
      17
      16
      16
      21
      24
      21
      23
      23
      21
      22
      19
      41
      39
      38
      42
      42
      62
      58
      64
      65
      80
     109
     131
     155
     161
     148
     158
     159
     142
     142
     127
      78
      82
      61
      49
      39
      36
      22
      30
      18
      21
      22
      24
      16
      26
      21
      22
      19
      18
      17
      15
      16
      16
      17
      17
      19
      13
      24
      23
      18
      19
      22
      24
      18
      24
      21
      25
      15
      17
      18
      19
      23
      21
      26
      21
      25
      29
      22
      30
      25
      22
      28
      21
      26
      31
      15
      24
      28
      18
      22
      15
      19
      22
      23
      24
      22
      24
      26
      22
      22
      24
      24
      30
      30
      25
      29
      42
      42
      33
      50
      52
      49
      49
      46
      35
      52
      40
      43
      35
      17
      24
      18
      26
      28
      25
      22
      19
      19
      18
      15
      18
      20
      21
      19
      21
      12
      30
      16
      23
      28
      28
      21
      28
      23
      21
      15
      19
      25
      17
      23
      21
      23
      22
      10
      23
      17
      17
      21
      19
      26
      23
      26
      17
      20
      24
      33
      13
      14
      17
      22
      13
      25
      16
      17
      18
      22
      12
      16
      14
      26
      22
      19
      20
      19
      15
      17
      11
      23
      22
      20
      26
      12
      24
      26
      23
      23
      24
      20
      20
      26
      25
      26
      36
      42
      37
      52
      42
      38
      55
      47
      54
      50
      47
      45
      37
      26
      33
      21
      22
      25
      21
      25
      16
      19
      19
      18
      13
      18
      21
      27
      17
      21
      16
      22
      22
      23
      22
      20
      31
      29
      16
      17
      18
      23
      12
      16
      29
      24
      18
      27
      14
      20
      22
      24
      26
      20
      20
      11
      21
      24
      18
      23
      24
      19
      20
      24
      21
      20
      24
      20
      19
      17
      17
      17
      22
      23
      22
      17
      17
      24
      14
      23
      19
      25
      16
      20
      24
      22
      24
      16
      18
      11
      17
      21
      18
      22
      22
      16
      23
      18
      20
      20
      21
      26
      28
      25
      35
      22
      21
      25
      26
      27
      28
      20
      22
      20
      24
      26
      18
      20
      20
      28
      20
      15
      29
      28
      27
      19
      14
      25
      29
      29
      22
      28
      22
      22
      16
      20
      24
      30
      29
      24
      29
      16
      19
      24
      17
      22
      25
      22
      17
      15
      23
      22
      19
      28
      21
      20
      20
      32
      31
      28
      36
      36
      34
      36
      31
      37
      36
      46
      47
      33
      30
      36
      26
      35
      25
      18
      22
      27
      25
      20
      23
      19
      21
      17
      23
      27
      17
      16
      26
      17
      29
      26
      28
      31
      17
      16
      27
      19
      21
      25
      24
      16
      21
      24
      16
      15
       9
      24
      23
      25
      24
      34
      19
      21
      20
      18
      23
      19
      19
      24
      13
      18
      23
      16
      24
      18
      25
      12
      16
      13
      24
      20
      19
      23
      18
      26
      20
      21
      15
      18
      24
      23
      22
      15
      22
      26
      20
      18
      18
      17
      19
      21
      29
      12
      12
      25
      22
      17
      19
      26
      16
      27
      14
      26
      25
      23
      20
      16
      18
      23
      14
      21
      15
      14
      24
      17
      18
      27
      14
      17
      18
      15
      27
      16
      17
      18
      27
      23
      21
      17
      24
      17
      23
      16
      23
      26
      22
      17
      25
      21
      14
      17
      26
      22
      18
      15
      28
      27
      15
      22
      20
      20
      21
      21
      27
      23
      14
      20
      26
      17
      18
      20
      23
      17
      19
      17
      16
      19
      20
      21
      22
      28
      28
      29
      18
      22
      24
      26
      36
      18
      30
      19
      25
      22
      16
      15
      26
      16
      15
      23
      25
      21
      23
      18
      17
      23
      24
      23
      23
      20
      14
      18
      28
      25
      30
      17
      33
      25
      19
      23
      23
      23
      20
      29
      29
      20
      22
      21
      24
      23
      23
      17
      16
      16
      20
      31
      22
      18
      22
      20
      20
      27
      26
      21
      21
      24
      15
      25
      20
      29
      21
      21
      24
      19
      13
      18
      19
      26
      20
      23
      28
      25
      22
      24
      15
      21
      21
      19
      30
      22
      26
      26
      25
      25
      20
      19
      22
      28
      25
      16
      17
      28
      21
      31
      21
      24
      20
      17
      28
      11
      20
      16
      29
      21
      25
      16
      22
      20
      19
      21
      14
      16
      27
      18
      24
      26
      18
      17
      30
      23
      18
      26
      20
      22
      20
      18
      27
      23
      19
      26
      17
      16
      15
      22
      22
      31
      23
      24
      22
      31
      26
      17
      29
      20
      23
      29
      14
      20
      27
      21
      19
      29
      28
      20
      27
      24
      25
      16
      13
      21
      22
      24
      18
      21
      17
      17
      23
      30
      23
      27
      22
      26
      26
      20
      20
      23
      20
      24
      26
      19
      27
      24
      27
      14
      19
      21
      18
      20
      11
      24
      20
      19
      18
      18
      16
      15
      25
      26
      19
      18
      23
      22
      22
      16
      18
      19
      20
      26
      19
      11
      22
      16
      17
      23
      18
      28
      21
      16
      16
      26
      16
      14
      20
      16
      17
      25
      25
      22
       8
      14
      15
      20
      18
      18
      18
      12
      14
      16
      25
      22
      17
      17
      16
      20
      18
      20
      20
      22
      19
      16
      19
      13
      28
      18
      14
      19
      29
      20
      20
      16
      18
      21
      16
      21
      19
      24
      15
      22
      23
      25
      27
      20
      24
      26
      34
      27
      32
      35
      55
      52
      61
      65
      89
      63
      71
      79
      69
      67
      90
      63
      50
      58
      54
      46
      33
      30
      29
      23
      14
      14
      14
      18
      11
      17
      15
      20
      16
      18
      23
      20
      15
      19
      13
      21
      18
      23
      17
      18
      19
      20
      17
      18
      16
      16
      19
      15
      21
      20
      21
      27
      22
      16
      20
      15
      13
      12
      17
      15
      18
      16
      21
      15
      19
      13
      17
      21
      18
      17
      15
      18
      28
      21
      17
      14
      18
      23
      24
       6
      20
      24
      16
      12
      17
      27
      10
      24
      17
      28
      13
      18
      16
      10
      24
      12
      17
      13
      22
      14
      20
      18
      14
      20
      17
      19
      16
      16
      11
      13
      17
      19
      22
      14
      21
      19
      21
      11
      13
      22
      23
      17
      17
      18
      11
      19
      18
      22
      14
      16
      13
      19
      26
      19
      22
      15
      18
      11
      13
      22
      18
      16
      11
      14
      20
      21
      30
      29
      18
      28
      27
      34
      18
      21
      21
      27
      16
      17
      13
      20
      15
      15
      11
      16
      17
      19
      15
      16
      22
      22
      13
      16
      17
       9
      12
      16
      16
      17
      19
      20
      21
      17
      19
      10
      13
      24
      19
      12
      13
      19
      15
      12
      15
      10
       7
      18
      27
      24
      16
      12
      17
      16
      13
      14
      16
      16
      15
      14
      15
      17
       9
      15
      13
      11
      15
      20
      16
      20
      10
      14
      19
      15
      16
      18
      26
      15
      20
      16
      19
      13
      14
      16
      23
      15
      13
      13
      19
      15
      23
      15
      24
      14
      17
      14
      21
      15
      10
      13
      11
      19
      18
      17
      14
      15
      13
      22
      10
      20
      15
      16
      10
      14
      12
      12
      13
      11
      20
      20
      19
      21
      14
      19
      11
      17
       9
      13
      14
      16
      14
      16
      16
      18
      17
      15
      11
      17
      11
       9
      11
      26
      17
       8
      13
      13
      12
      12
      14
      16
      17
      12
      10
      11
      18
       8
      22
      17
      16
      21
      14
      18
      12
      19
      15
      13
      19
      18
      14
      14
      13
      18
      22
      20
      20
      24
      20
      26
      33
      33
      33
      33
      27
      25
      39
      29
      46
      25
      30
      22
      15
      30
      20
      15
      15
      15
      11
      15
      17
      13
      13
      12
      17
      17
      16
      11
      18
      11
      14
      19
      20
      15
      14
      13
      21
      12
      20
      13
      17
      15
      29
      16
      20
      18
      15
      16
      16
      16
       9
      18
      10
      13
      24
      16
      18
      16
      18
      23
      11
      21
      15
      14
      17
      16
      15
      15
      16
      11
      16
      15
      19
      16
      11
      18
      15
      15
      10
      13
      13
      17
      12
      15
      11
      15
      12
      17
      13
      11
      14
      13
      12
      16
      12
      18
      17
      21
      13
      18
      13
      13
      11
      19
      14
      16
      15
      16
      17
      13
      16
      21
      18
      12
      19
      15
      13
      14
      13
      13
      26
      10
      18
      16
      17
      14
      14
      18
      10
       9
      17
      22
      16
      15
      16
      21
      16
      16
      14
      13
      12
      15
      19
       9
      19
      13
      19
       7
      13
      15
      19
      12
      10
      16
      10
      10
      12
      18
      11
      15
      18
      13
      11
      22
      15
      16
      15
       8
      16
      22
      10
      12
      16
      10
      15
      11
       8
      15
      20
       8
      18
      11
      11
      12
       8
      14
      11
      11
      15
      12
      13
      23
      13
       9
      16
      13
      11
      14
       9
      17
      18
      17
      11
      16
      11
      13
      19
      14
      14
      11
       8
      12
      19
      13
      19
      16
      22
      16
      13
      13
      12
      16
      12
      20
      11
      13
       7
      14
      11
      11
       8
      12
      11
      19
      15
      18
      12
      12
      19
      13
      19
      18
      12
      22
      16
      22
      22
      16
      13
      17
      20
      17
      23
      14
      12
      18
      22
      18
      17
      17
      25
      11
      10
      15
       8
      16
      13
      17
       7
      16
      22
      11
      10
      16
      15
      11
      15
      19
      12
      13
      16
      11
      13
      14
      10
      14
      14
      16
      11
      15
      12
      18
      13
       7
       8
      19
       8
      11
      10
      17
       9
      14
      14
      10
      22
      13
      14
      14
      13
      16
      12
      16
       9
      13
      16
      14
       7
       9
       9
      11
      12
       7
      11
      15
      13
      12
      14
       9
      15
      16
      21
      20
      19
      10
      19
      17
      12
      11
      16
      13
      19
      17
      24
      17
      19
      12
      16
      18
      15
      17
      10
       9
      14
      11
      13
      11
      11
      18
      14
      11
      13
      13
      12
      10
      13
      17
      11
      10
       8
       8
      17
      16
      15
      12
      15
      10
       7
      20
      17
       9
      14
      13
      10
      16
      17
      11
      12
      11
      14
      16
      17
      17
      13
      19
      11
      16
       5
      12
      10
      10
      13
      12
       8
      19
      17
      11
      17
      10
      10
      12
      11
      13
      14
      13
      11
      18
      18
      20
      12
      10
      18
      17
      11
       6
       8
       8
      20
      21
      10
      13
      18
      14
       9
      10
      12
      12
      12
      15
      14
      16
      10
      12
      18
      12
      10
       9
      10
      12
      12
      12
      14
       8
      17
      14
      13
      12
       9
      16
      22
      12
      11
      18
      11
      13
      15
      10
      11
      16
       6
      15
      19
       7
      17
      16
      15
      13
      11
      20
      19
      10
      10
      15
      13
      13
      15
      15
      14
      16
      16
      18
      11
       7
      17
      16
      14
      21
       8
      15
      12
      15
      15
      10
      14
      20
      22
      20
      15
      14
      12
      14
      15
      10
      13
      13
      16
      14
      15
      13
      14
      12
      18
      18
      13
      18
      10
      16
      11
      14
       8
      13
      15
      13
      13
      18
      14
      12
      13
      12
      16
      11
      14
      15
      12
       8
       8
       7
       6
      12
      11
      14
       7
      19
      22
      10
      11
      24
      13
      16
      23
      10
      18
      18
      30
      24
      29
      26
      31
      33
      48
      46
      51
      61
      83
     101
     135
     132
     183
     189
     195
     254
     234
     226
     202
     219
     196
     194
     172
     168
     152
     102
     113
      76
      53
      42
      27
      18
      17
      21
      11
       8
      11
       9
      13
       5
      20
      16
      14
      13
       9
      10
      10
      13
      16
      18
       8
      17
      13
      11
      12
       9
      18
      14
      23
      10
      14
      13
      11
      10
      21
      11
      18
      11
      21
      14
      16
      11
      10
      19
      12
      11
      13
       9
      18
      12
      23
      15
      22
      10
      15
      20
      17
      16
      14
      11
      16
      20
      14
       5
      15
      12
       8
       7
      11
       7
      12
      12
      14
      15
       6
      14
      17
      21
       7
       8
       4
      16
      12
      10
      15
      16
       7
      11
      12
       8
       9
       9
      13
      13
       8
      18
      15
       7
      13
      10
      12
      11
      17
      13
      13
      12
      16
      17
      10
      10
      13
      19
      14
       7
      15
      12
      12
      16
      11
      15
      29
      20
      13
       9
       8
      13
       7
      22
      14
      16
      19
      13
      11
      21
      16
      16
      14
      20
      11
       8
      10
      16
       9
      21
      18
      16
      19
      23
      33
      21
      29
      28
      48
      39
      30
      37
      26
      32
      30
      37
      34
      24
      39
      26
      29
      22
      31
      16
      15
      10
      14
      15
      14
      13
      11
       9
      14
      11
      11
       9
      10
      13
      12
      13
       8
      12
      11
       7
       9
      10
       9
      12
      14
       9
       9
       7
      11
      19
       9
      13
      17
      13
       7
      16
      14
      10
      17
      17
      13
      15
      11
      13
       9
      13
       9
      14
       8
       9
      13
      16
       8
       9
      14
      12
      16
      14
      14
      12
       9
      12
      10
       9
      16
      13
      12
      10
      19
      12
      20
       9
      13
       9
      17
      10
      13
      18
      15
       9
       7
       8
      19
      18
      14
       9
      13
       9
      13
       8
      12
      17
      24
       9
      12
      11
      10
      13
       6
       6
      10
       4
      16
      10
       9
      16
      13
      19
       9
      15
      12
      14
      13
      11
      18
      16
      15
      14
      15
      18
      13
      14
      20
      20
      17
      17
      16
      11
       8
       7
      16
       8
       9
      12
      14
      16
      12
      18
      13
       9
      13
      17
      10
       8
      10
      10
       9
       8
      11
       7
      15
      13
      10
      10
       7
       9
       9
      11
       8
      12
      16
      10
       7
      11
       8
      18
      13
      10
      16
      10
      11
      13
      12
      13
       9
      11
      12
       5
      13
      12
       5
       7
      11
      11
       6
      12
      12
      12
      11
      12
       5
       8
      16
      13
      11
      11
       8
       6
       7
       8
      11
      13
       6
      11
       4
       9
       9
      10
       6
       6
      12
       9
      12
      10
       6
       6
      15
      11
       6
      13
      13
      14
       2
      10
       9
       7
      11
       9
       7
      12
      11
      12
       9
      12
      17
       8
      11
      12
      11
      21
      18
      15
      16
      13
       9
      15
      15
      13
      21
      15
      14
      12
       7
      11
      11
      13
      14
       8
      12
       7
      16
       8
      11
      10
       9
       8
      11
      17
      15
      12
      14
       7
       6
      14
       4
       9
      14
      15
      11
       8
       4
      12
       9
       7
      11
      16
      11
      12
       9
      15
      11
       9
      12
      12
       9
       6
      13
      12
      12
      11
       8
      11
      18
      21
       7
       9
       8
       5
      13
      15
      10
       7
      15
       9
       5
      10
      10
       8
       4
      13
      19
       6
      15
      11
       6
       6
       7
       9
       7
      11
      12
      15
      11
       8
      12
       7
      10
      14
       7
      11
      10
      11
      10
      10
      14
       7
       9
       7
      13
      12
      10
       9
       9
       9
       9
      16
       8
      14
      10
       6
       6
      11
      12
      13
      12
      13
      13
      10
      19
      16
       8
      21
      11
      17
      22
      14
      19
      20
      31
      42
      38
      46
      55
      65
      70
      62
      76
      76
      93
      68
      76
      65
      70
      57
      68
      44
      49
      44
      41
      20
      12
      19
      19
      13
      12
      20
       8
      12
      11
      11
      19
       5
      10
       6
       8
      10
      13
       7
       4
      11
       8
      15
      12
       7
       9
       9
       7
      11
      12
      12
      13
      12
      10
       8
       9
      15
       9
       9
      13
       9
      10
      11
      13
      12
       9
      12
       9
      19
      13
       9
      11
       9
      14
      13
      16
      15
      12
      11
      14
      10
      16
      12
      11
      12
       8
      14
      14
      12
       9
      16
      10
      12
      11
       7
      13
      14
      12
      15
       7
       6
       4
      11
      12
      10
      11
       5
      12
       9
       4
       8
       9
      14
       6
      11
       8
      10
      12
       8
       7
      14
      17
      12
       7
       9
       4
      13
       9
       9
       9
      13
       9
      14
      12
      12
      11
      10
       5
      13
       9
       7
      14
       8
      10
       9
      10
      12
      15
       8
      12
      15
       6
      16
      16
      10
       9
      16
       7
       8
       9
      11
      10
       7
      15
       9
      10
       4
       7
      11
      12
       8
       9
       9
       9
      14
      13
      10
      13
      14
      14
      13
       6
      18
       9
      11
      12
      12
       4
      10
       9
       9
      15
      11
      10
      10
       9
      11
      12
       7
      16
      17
      16
      14
       6
      19
       5
      13
      14
      15
      16
      15
      21
      22
      22
      21
      28
      26
      32
      30
      31
      23
      20
      15
      17
      27
      13
      17
      14
      13
       9
      16
      11
      18
       2
      14
       9
      12
       5
       9
       8
       8
       7
      10
       8
      14
       8
       3
      13
      10
       3
      10
      14
       6
       9
       7
       4
       9
       8
      14
       8
      13
      10
       7
      15
       5
      11
       8
       6
      16
       7
      12
      17
      16
       2
       5
       8
      18
       9
       6
       6
       8
       6
       6
       5
      10
      10
       5
      11
      11
      10
       8
       8
       5
      11
       9
       6
       8
      13
       5
       6
      10
      10
      10
      12
      14
       9
       7
      15
      14
       6
       7
      11
       5
       8
       8
       8
       8
      11
       8
      10
      11
       8
      13
      12
      10
      10
      10
       7
       9
       7
      12
      11
      11
       9
       6
       8
      12
       9
       9
       6
       6
      14
      12
      10
       5
       7
       8
       9
       7
       5
      12
       7
       6
       8
      11
       7
       9
      11
       8
       5
      14
      11
      11
      12
      12
       9
       9
       9
      15
       9
      10
       8
       8
       6
       2
       8
       8
       9
       8
       8
      11
      12
       8
       6
       7
      11
       8
      10
       6
      11
       4
       7
       8
       7
      11
      10
      11
      11
       6
       8
       8
       7
      12
      10
      11
       8
       7
       7
      10
      11
       7
       9
       8
      19
       7
      10
       7
      13
      20
       6
      14
       8
       6
       9
       3
      11
       9
       7
       8
       4
       6
       9
       6
      13
      14
       8
      10
      16
       9
      14
       8
      11
       8
      10
      14
      10
       9
      14
       6
       7
       6
       9
       5
       9
       7
       8
       7
       9
      13
      10
       6
       8
       7
       9
       9
      10
      10
      11
       9
       7
      13
       9
       5
       7
       9
       8
       9
       5
       5
      11
      11
       7
       8
       9
       7
       7
      12
       8
      14
       5
      14
       9
      13
      12
       5
      11
      12
       4
      10
       7
       6
       8
      12
       7
      13
      10
       5
      14
      11
       8
      13
      10
       4
       9
      10
      17
      11
       5
      11
       8
       8
      13
       1
       6
       9
       5
       6
      11
       9
      12
      11
       9
       5
       9
      10
      11
       7
       8
       9
      10
      10
       9
       4
       7
       9
       9
       2
      13
       9
       5
       7
      10
      15
       8
      13
       9
       5
      10
      10
       5
      11
       9
       9
       7
       9
       7
      21
      11
       8
      10
       8
       8
       5
      13
       6
      12
       9
      10
      14
       9
       9
       9
      11
       9
      15
       9
      10
       6
       6
       9
      16
       9
      17
       9
      11
      14
      10
       8
       8
      10
      13
       6
      11
       8
      13
      13
       7
      13
       5
       4
       9
       8
       7
       7
      11
      10
      11
      13
       8
       3
       7
       3
       8
       8
       6
       7
       6
       4
       6
       9
       6
       5
       8
       6
       4
      10
       6
      10
       9
       8
       7
       5
      13
       5
       4
      10
       9
       8
      15
      13
       9
       2
      15
      10
       6
       9
       7
      10
      10
      10
      12
      15
      12
      10
      10
      11
      14
      13
      15
      19
      13
      12
      25
      29
      33
      25
      41
      36
      49
      34
      41
      63
      50
      53
      57
      39
      58
      66
      45
      47
      52
      43
      22
      33
      33
      25
      23
      13
      16
      11
      18
       7
      11
      12
       8
      12
       9
      13
      15
      12
      13
      16
      12
       8
      13
       7
      17
      19
      17
      13
      22
      11
      18
      10
      14
      13
      14
      12
      19
      23
      17
       9
      16
      13
       9
       8
       5
       8
      11
       8
       7
      12
       3
      13
       8
       6
       5
       8
      10
      10
      12
      12
       7
      13
      10
       9
       9
       9
      11
       7
       8
       8
       6
       9
      12
       7
      12
       2
       7
       6
       7
       5
       6
       9
       8
       5
      14
      12
       8
       5
      10
      14
       7
       8
      11
      12
      12
      14
       9
       9
      17
      15
      12
      21
      15
      11
      26
      20
      22
      24
      20
      24
      13
      21
      24
      11
      10
      16
      21
      14
      20
      16
      16
      13
      15
      11
      14
      15
      17
      16
      15
      18
      26
      21
      22
      24
      24
      23
      23
      31
      27
      39
      28
      27
      34
      18
      23
      26
      19
      21
      25
      23
      18
       9
      11
      12
      11
      11
       8
      11
      12
       6
      11
       6
       7
      11
      17
      12
       6
       8
       7
       5
       5
       6
       5
       7
       6
       8
      10
       8
       8
       8
      15
       9
       3
       9
       6
       6
      12
       8
       7
       8
       7
      12
      12
      10
      12
       7
      14
       9
      13
      11
       5
       8
      11
       8
      12
      13
       5
      11
      12
       5
       9
      10
       9
      10
       8
       8
       8
       8
       8
       7
      17
      11
       8
      15
      14
      15
       8
      11
      11
       9
      10
      10
       8
       9
      11
      11
      15
       7
       9
      13
      15
       6
      12
       9
      10
       6
       8
       5
       9
       9
       4
       8
       6
       4
       6
       4
      14
       4
      15
      14
       6
      10
       6
       8
       8
       8
       7
      10
      12
       6
      12
       5
      11
       7
       9
       8
      11
       4
       3
      13
       7
      12
       7
      10
      12
      11
       6
      13
       7
       7
       9
       8
      14
       8
      15
       4
       9
       8
       8
       7
       9
       8
      10
      11
      13
      11
       9
      12
      14
      11
       8
      11
      10
       6
       7
       4
       8
       8
      10
       5
      10
      10
      14
       9
      12
      10
       5
       5
      12
       7
       6
       4
      12
       6
       6
      13
       7
       7
       9
      12
       8
       7
      14
       7
       7
       9
      12
       7
       8
       7
       8
       7
       7
      11
       3
      11
      12
       8
      10
       6
       5
      12
       7
       8
       4
      10
      13
       7
       8
      10
       8
       8
      11
       4
       7
       3
       9
       7
       9
      10
      11
       9
      12
      11
       8
      14
      10
      13
      12
       8
      14
      13
      12
       8
       9
      13
      11
      14
       6
       8
      17
      16
      13
      14
      12
      13
       8
      13
       6
       8
       7
       9
       5
       9
      11
      11
       4
       6
       2
       6
      14
       8
      11
       7
       8
       5
       9
       7
       9
       4
      10
      16
       7
       7
       8
      13
      13
      16
       7
       7
      12
       5
       2
      14
      10
      11
       8
      11
       7
      10
       8
      13
       5
      11
      11
      13
       7
      10
      18
       5
      11
      10
       9
      12
       7
      12
       9
       6
       6
      10
       9
      12
      10
       5
       8
       8
      11
       8
      11
       7
      13
      11
      13
      13
      10
       5
       6
       5
       6
       9
      12
       9
       9
       8
      17
       8
       7
       3
      13
       6
       7
       4
       3
      11
      11
      19
       5
      17
       8
      10
      12
      11
       4
      10
       3
      10
       8
       7
      17
       7
       6
      12
       8
      12
       6
       9
      10
      13
      11
       9
      21
       9
       7
      10
      16
       6
      11
      11
      13
      11
      12
      15
       5
       9
       5
      11
      13
       8
       5
      12
       7
       8
       4
       4
       9
      14
       4
      13
       7
       7
       6
      10
      13
       6
       9
      12
       8
      15
       9
      13
      13
      12
      13
      10
       9
      10
       8
       7
       9
      10
      14
      12
       8
       7
      14
      11
       8
       9
      11
       6
      11
      15
       8
       5
      11
       8
      13
       7
       7
       6
       9
       6
      14
      11
      17
      16
       9
      15
       8
      15
      10
      14
       8
      16
      21
      14
      19
      13
      19
      25
      16
      22
      21
      26
      22
      27
      24
      28
      20
      20
      26
      28
      33
      23
      32
      28
      25
      19
      12
      18
      11
      17
      14
      23
       6
      14
      12
       6
       9
       5
      10
       8
       6
      13
       7
       9
       8
      10
      13
       3
      19
      10
      14
       6
      11
      10
      12
      12
      14
      11
      12
       9
       8
      11
      10
      11
      11
       8
      13
      11
       5
       8
      11
      16
      13
      15
       9
      11
      12
       5
       9
      10
       8
       9
       3
       9
       9
       9
      11
       6
      12
      12
      10
       9
      10
      17
      13
      13
       9
       5
       7
       9
      10
      16
      10
       5
      10
       8
       3
       8
      10
       7
      16
       9
      11
      13
      11
      12
      10
       8
       8
      12
      11
       4
      14
       9
       6
      11
       7
       6
       6
       8
       5
      15
       9
       8
      15
       9
      13
       8
       9
       6
      11
      14
      11
      15
       8
       9
       8
      10
      15
      15
      13
      12
      14
       9
       6
      17
      12
      14
      12
      12
      10
      11
      14
      15
       8
       8
       9
       9
      15
      13
       9
       7
       7
       8
      11
      12
       6
      15
       5
      12
      13
      11
       6
      14
       7
       6
      14
      19
       5
      10
       9
       8
      10
       4
       8
       9
       6
       9
       6
       5
      12
       3
       5
      12
       3
       8
       2
      12
       7
       8
       5
       7
      10
       7
      11
      11
       7
       8
       2
       4
       5
       9
       7
       6
       5
       6
       9
       5
       6
       6
       9
       8
       8
       3
       3
       5
       6
       2
       6
       6
       5
       1
       9
      14
       6
       6
       7
       3
       8
       9
       9
       6
       5
      10
      10
       6
       8
       6
       7
       3
       6
       3
       7
       5
       2
       5
       6
      10
       3
       3
      11
       4
       4
       7
       3
       5
      10
       4
       1
       5
       3
       6
       4
       7
      10
       6
       3
       4
       2
       5
       5
       5
       5
      11
       6
       7
       9
       5
       9
       5
       5
       7
       7
       7
       4
       2
       7
       9
       7
       5
       4
       2
       5
       7
       7
       4
       4
      10
       6
       3
       7
       5
       2
       9
       4
       8
      12
       8
       8
       6
       4
      10
       7
      11
       7
       7
       9
       6
       9
       4
       2
       7
       6
       6
       1
       5
       4
       9
       9
      10
       6
       5
       5
       8
       6
       7
       9
       7
      10
       9
       5
      11
       6
      12
       9
      10
      11
       7
      18
      10
      10
       7
      11
       6
       9
      12
      11
      10
      15
      11
       8
       4
      10
      11
       9
       2
      10
      10
      12
       8
      12
       9
       3
       8
       5
       9
       9
       5
       8
       9
      11
      11
       7
       6
      13
       2
       3
       5
       9
       3
       7
       6
      11
       5
      10
      10
       3
       8
       6
       9
       7
       8
       7
      12
       6
       6
      11
       4
       7
       5
       6
       9
      11
       7
       9
       2
      16
       9
       8
      15
      12
       8
       8
      12
      10
       6
       3
       9
       4
       8
       8
      10
       5
       9
      14
       5
       3
       7
       6
       7
       7
       4
       8
       4
      11
       5
       8
       8
       8
       3
      12
       4
       2
       7
       6
       3
       9
       5
       6
       3
       7
       5
       3
       3
       1
       2
       7
       6
      10
      10
       4
       7
       7
       6
       8
       7
       4
       4
       6
       5
       7
       1
       7
       6
       6
       7
      14
       5
       7
      11
       4
       8
       8
       7
       5
       3
      11
       9
       7
       5
      10
       8
       8
       2
       7
       5
       3
       6
       3
       4
       0
       7
       2
       4
      10
       5
       4
       7
       2
       5
       5
       8
       6
       7
       6
       8
       9
       7
       7
       2
       2
       2
       4
       4
       3
       4
       5
       6
       5
       8
       4
       1
       3
       4
       2
       7
       3
       4
       5
       4
       2
       2
       3
       2
       6
       7
       6
       2
       6
       5
       7
       4
       3
       8
       8
       3
       2
       7
       9
       7
       1
       6
       5
       6
       3
       6
       8
       5
       2
       4
       7
       5
       3
       8
       3
       7
       4
       9
       9
       5
       8
       6
       1
       4
       4
       2
       4
       5
       5
       6
       2
       2
       6
       4
       4
       9
       7
       1
       1
       5
       2
       3
       3
       1
       4
       3
       2
       1
       4
       1
       2
       0
       4
       7
       0
       4
       6
       3
       5
       7
       0
       6
       4
       2
       2
       4
       8
       5
       7
       0
       8
       5
       4
       6
       2
       6
       4
       4
       2
       3
       6
       5
       4
       4
       5
       5
       5
       4
       4
       4
       2
       6
       6
       4
       4
       5
       3
       3
       1
       1
       3
       3
       3
       0
       3
       4
       0
       3
       3
       4
       6
       3
       5
       7
       3
       7
       4
       3
       3
       3
       7
       4
       1
       1
       4
       3
       2
       5
       2
       7
       5
      44
      48
      51
      61
      53
      65
      58
      72
      52
      64
      60
      44
      66
      56
      57
      57
      59
      55
      57
      45
      62
      56
      70
      53
      69
      60
      57
      75
      54
      78
      51
      53
      62
      63
      66
      68
      52
      61
      60
      59
      67
      67
      49
      45
      52
      56
      53
      59
      49
      46
      51
      45
      62
      50
      60
      49
      46
      59
      53
      43
      63
      64
      52
      64
      59
      68
      51
      57
      64
      52
      53
      53
      54
      44
      43
      57
      62
      59
      67
      57
      55
      50
      64
      59
      54
      58
      52
      50
      61
      47
      59
      43
      44
      52
      55
      62
      62
      57
      52
      53
      47
      46
      47
      54
      53
      49
      57
      53
      63
      46
      46
      54
      46
      62
      60
      38
      57
      57
      64
      34
      56
      52
      56
      48
      56
      60
      52
      50
      45
      58
      59
      53
      60
      43
      65
      59
      54
      48
      57
      53
      47
      45
      37
      54
      49
      62
      49
      48
      48
      51
      51
      50
      42
      49
      52
      48
      44
      66
      54
      47
      50
      54
      59
      49
      42
      61
      44
      52
      54
      49
      55
      43
      37
      46
      43
      34
      37
      38
      49
      35
      75
      37
      63
      46
      18
$ROI:
0
$PRESETS:
None
0
0
$ENER_FIT:
0.000000 0.000000
$MCA_CAL:
3
0.000000E+000 0.000000E+000 0.000000E+000 
$SHAPE_CAL:
3
0.000000E+000 0.000000E+000 0.000000E+000
