$SPEC_ID:
No sample description was entered.
$SPEC_REM:
DET# 7089150
DETDESC# PRAKTIKUM 926
AP# Maestro Version 7.01
$DATE_MEA:
02/15/2002 01:17:35
$MEAS_TIM:
73832 73845
$DATA:
0 8191
       0
       0
       0
       0
       0
       0
       0
       0
       0
       0
       0
       0
       0
       0
       0
       0
       0
       0
       0
       0
       0
       0
       0
       0
       0
       0
       0
       0
       0
       0
       0
       0
       0
       0
       0
       0
       0
       0
       0
       0
       0
       0
       0
       0
       0
       0
       0
       0
       0
       1
       0
      10
      20
      71
     113
     165
     206
     230
     242
     225
     222
     224
     235
     226
     215
     236
     206
     218
     191
     173
     201
     197
     191
     194
     191
     168
     183
     167
     173
     177
     199
     163
     176
     158
     187
     152
     160
     160
     178
     147
     153
     164
     153
     180
     150
     141
     148
     160
     143
     162
     161
     155
     131
     193
     143
     153
     126
     127
     145
     133
     134
     139
     152
     148
     137
     147
     139
     129
     130
     141
     120
     137
     118
     131
     141
     127
     151
     119
     118
     110
     123
     138
     143
     124
     114
     123
     121
     120
      97
     126
     119
     114
     119
     127
     124
     132
     130
     125
     118
     107
     118
     106
     113
     108
     105
     113
     120
     125
      94
     115
     101
     114
     136
      99
     114
     127
     128
     110
     121
     109
     114
     116
     100
     120
     120
     102
     109
     108
      97
      97
      97
     139
      93
     100
     100
     107
     105
      95
      95
     100
     108
     100
      97
      97
     100
      95
      91
     112
      93
      96
     112
     109
      85
     110
      96
     104
      99
     109
     120
      96
      95
     119
     125
     113
     105
      99
     104
     106
     103
     120
      95
     104
      79
      76
      87
      90
     104
     116
      98
     113
      98
      89
     114
     108
     103
      96
      98
     103
      89
      88
     111
     114
      93
      95
      90
      95
      75
      79
      94
      92
      99
      83
      83
     104
     103
     105
      78
      74
     101
      78
      82
      72
     100
      81
      86
      95
      95
     119
     100
      95
      91
      84
     106
     108
      92
      94
      97
      82
      98
      82
      81
      99
     101
     101
      86
     103
      87
      83
      89
      91
      95
     101
     115
      97
      99
     102
     108
      97
      95
     108
      87
      97
      82
     109
      83
      92
     130
      94
     115
      94
     100
     108
     119
     115
      97
     124
     105
     117
      97
      83
     101
     100
      83
     105
      88
     103
      99
      92
     108
     103
     106
      97
     118
     107
      87
     104
      91
     108
     119
      88
      91
      89
     131
     109
     113
      92
     119
     113
     109
     105
      87
      94
     111
      99
      97
     126
     134
     134
     136
     204
     163
     162
     140
     129
     127
     118
     144
     168
     207
     235
     235
     207
     222
     145
     134
     107
     114
     105
     137
     146
     130
     115
     119
      99
     108
     112
     128
     114
     116
     100
     121
     105
     111
     106
     102
      92
     122
     111
     116
     107
      93
     119
     116
     111
      99
     127
     131
      97
     117
     107
     120
     111
     125
     140
     144
     171
     157
     181
     169
     157
     142
     133
     111
     121
     126
     119
     131
     117
     155
     141
     139
     139
     160
     136
     107
     125
      96
     118
     105
     120
      97
     137
     128
     146
     126
     108
     123
     110
     112
     110
     154
     116
     136
     180
     169
     192
     178
     163
     146
     142
     130
     119
     101
     121
     123
     132
     117
      99
     150
     123
     135
     125
     123
     129
     118
     120
     109
     102
     135
     141
     123
     125
     118
     126
     134
     133
     138
     132
     126
     112
     137
     124
     115
     119
     121
     119
     137
     134
     123
     139
     138
     149
     127
     126
     121
     145
     119
     131
     119
     129
     134
     130
     128
     107
     135
     125
     115
     129
     144
     132
     147
     160
     131
     120
     123
     130
     115
     116
     136
     152
     128
     140
     144
     134
     133
     121
     141
     137
     142
     129
     127
     150
     126
     122
     137
     139
     136
     128
     139
     117
     141
     135
     149
     131
     134
     127
     128
     141
     138
     132
     129
     111
     132
     137
     132
     122
     129
     143
     131
     153
     146
     144
     146
     131
     127
     118
     131
     139
     131
     125
     147
     124
     133
     128
     123
     124
     121
     134
     132
     131
     124
     142
     138
     139
     153
     119
     137
     136
     148
     148
     135
     138
     131
     114
     140
     150
     115
     130
     141
     126
     136
     111
     143
     127
     134
     142
     132
     155
     140
     148
     123
     141
     125
     157
     134
     145
     125
     135
     123
     141
     133
     148
     119
     124
     138
     132
     135
     123
     151
     134
     132
     133
     143
     136
     132
     140
     148
     136
     144
     130
     135
     123
     126
     141
     121
     130
     146
     126
     125
     141
     137
     122
     138
     138
     131
     118
     137
     122
     135
     137
     136
     128
     152
     145
     127
     152
     143
     154
     146
     125
     136
     135
     139
     137
     128
     154
     133
     124
     145
     145
     148
     146
     141
     144
     124
     137
     115
     132
     142
     157
     145
     140
     136
     141
     140
     126
     135
     124
     114
     144
     125
     115
     126
     115
     130
     134
     122
     132
     137
     147
     126
     151
     166
     132
     118
     114
     140
     127
     126
     132
     133
     117
     133
     127
     128
     116
     113
     102
     137
     126
     144
     118
     129
     119
     130
     130
     124
     128
     122
     122
     141
     146
     143
     130
     119
     123
     133
      97
     115
     120
     138
     138
     125
     132
     149
     143
     125
     130
     133
     123
     132
     102
     110
     122
     111
     132
     125
     127
     133
     132
     114
     119
     124
     112
     128
     113
     119
     115
     107
     112
     121
     108
     111
     118
     131
     107
     132
     109
     129
     135
     111
     130
      93
     140
     125
     134
     118
     110
     109
     129
     133
     118
     124
     102
     105
     132
     135
     108
     121
     149
     114
     102
     132
     109
     127
     111
     125
     121
     131
     102
     140
     121
     120
     132
     119
     112
     108
     105
      88
     118
     101
     119
     124
     119
     110
     133
     104
     119
      97
      98
      99
     110
     104
     101
      96
     105
      99
     124
     100
     109
     115
      91
      96
     125
     100
     103
     111
      96
     118
      97
     117
     106
     100
     109
     111
      87
     129
     118
     118
     113
     107
     117
     114
     107
     111
     120
      99
      93
     105
     128
     104
     107
     116
     109
     121
     103
      89
     106
     101
     113
     120
     142
     122
     158
     158
     156
     151
     145
     148
     113
     138
     109
      97
      90
      98
     107
     105
     109
     118
     119
     115
     113
     104
     110
     127
      92
     106
     102
      86
     100
      97
     117
     105
      93
      97
     100
     102
     108
      98
     104
     102
     108
     113
      87
      86
      96
      88
      94
     122
     110
     111
      99
     111
     101
     107
      99
     108
     109
     111
      96
     102
     107
     110
      84
      94
     119
      90
      87
     109
     101
      98
     113
      92
     102
      85
      91
      93
      97
      98
     119
     106
      88
     101
     114
      97
      98
     112
      92
     105
     104
      85
      89
     111
     115
     106
      95
      91
      80
      93
     105
     101
      83
      86
      85
      94
      97
      85
      79
      94
      86
      88
      81
     100
      89
      84
     106
      87
     104
      89
      96
     105
      84
      86
     110
      65
      82
      91
     109
     110
     107
     110
      65
      94
      85
     101
      95
      98
      97
      95
      86
      93
      96
      91
      83
      81
      74
      94
      94
      85
      75
      85
     107
      72
      86
      76
      75
      74
      94
      73
      96
      82
      97
      80
      98
      91
      98
      91
      92
     101
      90
     100
     106
      87
      90
     104
      93
      98
      79
      96
      75
      88
      95
      84
      85
      84
      95
      88
      84
     104
      77
      97
      86
     104
      82
      94
      83
      72
      84
      82
      90
      82
      67
      92
      72
      85
      81
      81
      95
      83
      84
      69
      80
      92
      72
      92
      93
      77
      83
      89
      82
      89
      87
      83
      86
      90
      88
      78
      85
      85
      86
      82
      88
      93
      93
      91
      98
      93
      65
      65
      75
      82
      93
      85
      82
      82
      82
      81
      73
      91
      73
      80
      82
      74
      68
      76
      78
      91
      99
      99
     130
     154
     153
     130
     129
     107
      93
      95
      77
      98
      76
      67
      91
      81
      91
      90
      92
      87
      91
      90
      81
      77
      86
      78
      63
      66
      68
      65
      92
      69
      69
      54
      54
      63
      83
      71
      70
      77
      70
      61
      74
      71
      72
      65
      89
      79
      67
      73
      64
      65
      87
      73
      80
      70
      54
      59
      65
      79
      68
      74
      61
      76
      86
      66
      66
      82
      72
      72
      66
      63
      69
      68
      59
      88
      59
      69
      60
      65
      52
      68
      73
      66
      63
      74
      70
      75
      70
      59
      67
      67
      59
      64
      75
      43
      73
      72
      51
      75
      58
      68
      75
      74
      53
      67
      60
      71
      59
      64
      53
      82
      65
      62
      70
      61
      58
      63
      52
      66
      75
      70
      84
      53
      51
      78
      69
      83
      68
      70
      72
      73
      63
      63
      50
      46
      79
      65
      55
      54
      69
      74
      74
      72
      56
      69
      62
      44
      55
      65
      39
      54
      67
      56
      62
      66
      55
      67
      64
      67
      63
      71
      63
      62
      46
      59
      53
      52
      52
      70
      58
      68
      69
      65
      63
      74
      52
      61
      60
      60
      55
      62
      58
      65
      63
      57
      64
      55
      61
      68
      60
      52
      63
      68
      75
      64
      53
      76
      53
      64
      54
      42
      59
      52
      51
      60
      47
      68
      51
      50
      59
      42
      48
      50
      69
      52
      66
      64
      58
      57
      61
      42
      67
      53
      50
      46
      44
      56
      76
      57
      44
      41
      43
      58
      56
      61
      53
      66
      48
      57
      53
      46
      55
      48
      52
      74
      61
      59
      51
      66
      49
      47
      39
      48
      63
      45
      50
      46
      58
      54
      67
      54
      54
      53
      45
      42
      52
      62
      41
      50
      42
      57
      43
      72
      60
      77
      67
      82
      78
      83
      64
      61
      53
      59
      44
      61
      56
      59
      55
      54
      63
      58
      42
      66
      61
      56
      57
      69
      47
      48
      68
      51
      54
      68
      41
      43
      46
      51
      56
      54
      52
      53
      45
      47
      47
      54
      52
      47
      42
      50
      60
      50
      41
      47
      37
      43
      62
      58
      51
      46
      49
      53
      56
      44
      63
      52
      48
      40
      42
      60
      63
      40
      44
      49
      38
      49
      48
      46
      55
      55
      58
      55
      52
      47
      45
      57
      51
      68
      56
      43
      33
      55
      55
      51
      39
      54
      40
      39
      44
      48
      49
      44
      67
      49
      39
      42
      50
      44
      51
      57
      52
      46
      34
      35
      59
      42
      48
      59
      40
      51
      48
      58
      46
      52
      51
      51
      37
      52
      52
      37
      43
      44
      43
      65
      46
      54
      34
      38
      37
      41
      45
      53
      52
      44
      47
      49
      55
      51
      48
      39
      49
      52
      49
      35
      47
      45
      49
      55
      53
      54
      47
      48
      47
      47
      44
      35
      60
      54
      47
      42
      51
      49
      49
      45
      51
      37
      65
      54
      41
      43
      51
      38
      46
      33
      46
      44
      50
      33
      41
      48
      50
      42
      46
      42
      49
      58
      37
      46
      40
      41
      48
      57
      49
      44
      57
      35
      40
      33
      45
      41
      36
      38
      46
      42
      51
      52
      50
      37
      67
      48
      59
      43
      41
      46
      49
      46
      44
      43
      35
      40
      49
      46
      44
      34
      54
      44
      45
      52
      52
      58
      39
      37
      36
      33
      33
      39
      43
      43
      34
      37
      51
      36
      43
      49
      41
      42
      50
      41
      37
      31
      42
      46
      44
      37
      37
      42
      45
      42
      38
      46
      40
      47
      52
      31
      48
      49
      52
      39
      62
      60
      78
      72
      70
      69
      61
      71
      54
      58
      41
      44
      40
      46
      56
      39
      40
      41
      41
      41
      40
      39
      34
      44
      38
      33
      42
      45
      33
      36
      35
      39
      41
      32
      29
      45
      25
      36
      35
      45
      38
      48
      35
      42
      46
      34
      33
      33
      32
      31
      39
      49
      31
      29
      36
      40
      35
      38
      40
      40
      41
      52
      40
      38
      32
      32
      45
      47
      37
      42
      32
      43
      44
      28
      42
      31
      38
      35
      39
      39
      41
      45
      47
      33
      40
      35
      36
      29
      45
      39
      43
      36
      38
      37
      36
      53
      46
      42
      33
      34
      42
      34
      29
      41
      42
      34
      43
      41
      46
      24
      40
      27
      42
      44
      38
      34
      36
      45
      35
      32
      37
      33
      33
      39
      33
      34
      27
      41
      49
      31
      46
      36
      41
      28
      34
      32
      37
      23
      25
      39
      36
      34
      39
      45
      29
      38
      30
      40
      38
      27
      46
      34
      39
      33
      32
      39
      39
      43
      31
      35
      30
      28
      36
      44
      37
      25
      23
      42
      33
      37
      28
      30
      28
      37
      51
      47
      38
      43
      34
      48
      35
      37
      42
      34
      33
      42
      39
      35
      40
      38
      42
      29
      40
      32
      33
      34
      28
      28
      30
      44
      29
      32
      32
      31
      47
      33
      28
      46
      43
      39
      33
      36
      28
      31
      27
      31
      33
      33
      28
      30
      35
      18
      32
      37
      36
      40
      34
      32
      32
      21
      33
      34
      24
      37
      46
      29
      35
      32
      36
      27
      36
      29
      32
      27
      31
      26
      37
      31
      32
      38
      38
      21
      41
      34
      36
      28
      40
      33
      32
      35
      38
      27
      36
      32
      31
      23
      32
      25
      35
      38
      31
      42
      39
      35
      29
      22
      32
      30
      32
      33
      33
      29
      28
      31
      37
      31
      24
      32
      31
      32
      32
      47
      41
      27
      27
      32
      25
      34
      31
      40
      32
      36
      34
      28
      30
      37
      31
      31
      42
      30
      29
      38
      32
      37
      36
      27
      29
      24
      22
      39
      35
      24
      38
      28
      31
      26
      30
      34
      31
      32
      28
      27
      40
      29
      34
      22
      28
      42
      28
      30
      31
      38
      33
      28
      28
      37
      26
      33
      25
      39
      34
      37
      46
      34
      31
      27
      29
      25
      24
      34
      29
      23
      28
      31
      27
      35
      31
      31
      28
      36
      31
      27
      27
      25
      27
      34
      34
      24
      27
      23
      23
      32
      27
      32
      22
      33
      31
      27
      23
      37
      23
      29
      30
      36
      23
      32
      30
      33
      27
      33
      30
      33
      28
      23
      35
      32
      33
      25
      25
      31
      28
      28
      29
      32
      36
      26
      33
      38
      16
      29
      31
      26
      31
      41
      36
      28
      30
      31
      22
      30
      29
      33
      26
      27
      33
      31
      24
      25
      24
      21
      30
      28
      28
      32
      31
      37
      20
      30
      17
      14
      33
      29
      22
      31
      33
      27
      28
      23
      24
      21
      33
      27
      29
      35
      28
      29
      21
      23
      24
      22
      31
      22
      27
      32
      20
      34
      25
      25
      30
      27
      28
      28
      27
      26
      29
      32
      33
      38
      31
      28
      20
      20
      35
      29
      27
      25
      17
      33
      29
      27
      40
      29
      21
      27
      20
      20
      30
      31
      30
      27
      19
      28
      28
      35
      33
      33
      25
      28
      27
      35
      21
      24
      32
      23
      27
      29
      29
      27
      28
      26
      28
      31
      26
      29
      33
      31
      36
      30
      32
      31
      34
      39
      38
      36
      27
      25
      27
      28
      36
      20
      25
      25
      25
      19
      27
      22
      24
      32
      24
      34
      25
      22
      29
      22
      37
      39
      35
      23
      32
      26
      25
      29
      31
      32
      24
      29
      24
      29
      27
      37
      28
      22
      31
      31
      39
      35
      34
      26
      29
      21
      30
      41
      27
      23
      27
      28
      21
      24
      42
      28
      25
      29
      26
      24
      31
      27
      25
      25
      27
      26
      25
      31
      27
      26
      24
      21
      16
      32
      25
      36
      26
      28
      29
      25
      31
      24
      31
      35
      23
      24
      40
      24
      29
      38
      31
      25
      22
      37
      25
      24
      25
      23
      22
      27
      19
      27
      36
      32
      33
      29
      29
      24
      21
      31
      21
      34
      37
      24
      32
      29
      28
      29
      27
      29
      27
      26
      28
      27
      24
      20
      19
      14
      26
      31
      32
      20
      22
      28
      26
      27
      24
      22
      25
      27
      20
      23
      23
      27
      13
      33
      24
      39
      22
      27
      25
      22
      22
      33
      19
      31
      20
      23
      17
      23
      20
      22
      15
      23
      21
      27
      22
      23
      21
      31
      25
      29
      30
      23
      26
      22
      31
      20
      23
      22
      12
      28
      19
      33
      20
      30
      28
      30
      29
      18
      26
      13
      25
      27
      24
      15
      27
      20
      28
      26
      32
      25
      25
      23
      20
      20
      27
      24
      30
      22
      26
      24
      26
      21
      33
      36
      41
      38
      43
      48
      58
      59
      54
      63
      82
      77
      82
      98
      92
      91
      85
      71
      86
      59
      65
      61
      52
      53
      59
      36
      32
      41
      28
      22
      24
      30
      22
      30
      25
      29
      29
      19
      24
      20
      22
      23
      26
      26
      23
      23
      26
      24
      27
      19
      19
      24
      25
      15
      27
      29
      24
      20
      24
      19
      17
      20
      28
      21
      21
      28
      18
      30
      24
      19
      26
      30
      20
      19
      31
      23
      24
      17
      22
      27
      32
      23
      22
      17
      29
      17
      21
      25
      27
      17
      30
      22
      26
      20
      17
      25
      21
      25
      19
      28
      15
      24
      31
      20
      17
      32
      20
      25
      19
      20
      20
      25
      25
      30
      19
      23
      28
      29
      26
      21
      29
      29
      17
      22
      19
      19
      15
      29
      35
      15
      22
      24
      19
      27
      12
      23
      23
      26
      23
      26
      28
      20
      24
      20
      14
      24
      28
      19
      20
      22
      22
      27
      14
      28
      34
      11
      23
      17
      21
      30
      21
      27
      29
      23
      30
      23
      29
      17
      21
      27
      21
      20
      25
      21
      24
      16
      28
      17
      21
      26
      16
      28
      15
      24
      19
      28
      17
      22
      17
      23
      26
      19
      30
      25
      31
      29
      25
      16
      30
      16
      26
      24
      25
      19
      20
      21
      23
      16
      27
      20
      24
      20
      21
      16
      26
      27
      26
      16
      27
      22
      19
      13
      24
      17
      18
      30
      26
      24
      23
      22
      17
      17
      18
      22
      21
      24
      16
      18
      31
      31
      26
      20
      27
      18
      17
      22
      15
      24
      23
      17
      25
      21
      20
      30
      18
      20
      29
      18
      20
      25
      23
      23
      21
      20
      27
      23
      17
      18
      22
      20
      16
      18
      19
      18
      19
      22
      24
      26
      25
      21
      18
      21
      26
      14
      17
      17
      18
      22
      16
      28
      26
      19
      22
      21
      18
      23
      22
      18
      16
      22
      16
      29
      23
      26
      27
      18
      20
      21
      21
      26
      12
      26
      30
      31
      24
      21
      21
      10
      15
      25
      17
      12
      25
      20
      21
      18
      22
      26
      18
      13
      25
      25
      23
      27
      19
      27
      24
      22
      19
      25
      27
      20
      18
      22
      25
      18
      15
      22
      22
      15
      13
      17
      25
      15
      24
      26
      25
      30
      38
      30
      31
      39
      26
      36
      39
      47
      34
      38
      28
      25
      20
      14
      23
      16
      18
      21
      21
      32
      25
      22
      25
      22
      20
      21
      29
      20
      15
      20
      17
      18
      26
      15
      19
      19
      14
      21
      20
      13
      25
      15
      17
      19
      17
      25
      21
      12
      19
      14
      22
      12
      13
      11
      12
      21
      17
      28
      18
      27
      26
      27
      23
      14
      27
      20
      17
      21
      18
      18
      17
      20
      23
      26
      19
      15
      17
      19
      18
      26
      20
      22
      23
      20
      19
      33
      14
      21
      19
      19
      23
      23
      20
      26
      24
      15
      14
      22
      14
      32
      18
      21
      23
      21
      19
      23
      16
      24
      22
      15
      16
      16
      19
      19
      19
      20
      17
      28
      18
      19
      31
      26
      28
      31
      16
      22
      43
      36
      23
      53
      46
      54
      48
      47
      45
      40
      41
      41
      37
      18
      18
      17
      18
      21
      18
      21
      19
      11
      18
      12
      17
      25
      15
      14
      11
      25
      13
      16
      22
      21
      14
      22
      14
      11
      21
      24
      16
      18
      16
      12
      24
      17
      17
      20
      16
      16
      20
      15
      19
      19
      12
      21
      16
      21
      22
      12
      16
      14
      17
      16
      17
      16
      15
      15
      20
      17
      11
      17
      12
      21
      20
      15
      17
      21
      19
      19
      23
      26
      16
      24
      20
      15
      23
       7
      15
      28
      20
      10
      15
      24
      12
      13
      16
      17
      17
      14
      26
      14
      16
      22
      22
      21
      21
      20
      16
      13
      15
      22
      22
      12
      15
      18
      20
      19
      19
      19
      20
      16
      20
      13
      14
      14
      11
      18
      14
      15
      20
      21
      15
      22
      16
      17
      18
      26
      11
      15
      10
      23
      23
      15
      14
      16
      18
      10
      17
      25
      11
      13
      18
      21
      20
      14
      21
      17
      16
      14
      21
      20
      19
      15
      25
      15
      11
      13
      22
      20
      19
      21
      14
      18
      10
      24
      18
      19
      15
      17
      21
      13
      18
      17
      20
      21
      25
      21
      23
      22
      21
      20
      17
      23
      15
      15
      20
      19
      19
      17
      13
      13
      17
      20
      13
      11
      18
      14
      15
      20
      15
      12
      15
      23
      18
      18
      17
      14
      24
      16
      13
      16
      14
      23
      16
      16
      17
      20
      25
      12
      15
      13
      11
      18
      17
      17
      20
      19
      21
      21
      25
      12
      20
      19
      20
      14
      21
      20
      23
      17
      23
      17
      18
      20
      24
      22
      20
      30
      25
      26
      26
      35
      28
      30
      28
      21
      18
      23
      19
      15
      13
      13
      26
      20
      16
      24
      26
      15
      23
      22
      20
      23
      21
      28
      18
      18
      15
      22
      16
      20
      15
      17
      20
      17
      21
      19
      15
      23
      14
      18
      18
      17
      17
      16
      16
      17
      22
      15
      21
      14
      21
      14
      16
      15
      13
      14
      22
      21
      16
      22
      18
      21
      15
      19
      20
      21
      15
      22
      16
      21
      14
      22
      12
      18
      21
      21
      17
      24
      17
      19
      24
      20
      18
      21
       9
      21
      22
      20
      22
      20
      16
      12
      16
      19
      26
      14
      21
      11
      16
      15
      17
      26
      15
      17
      14
      10
      17
      11
      14
      14
      19
      12
       9
      16
      12
      15
      20
      15
      16
      22
      13
      26
      13
      18
      17
      17
      13
      18
      11
      16
      12
      16
      16
      11
      13
      14
      16
       8
      19
      13
       9
      10
      14
      11
      15
      21
      19
      24
      16
      18
      13
      23
      15
      15
      17
      12
      17
      16
       9
      22
      20
      16
      20
      18
      22
      15
      20
      11
      17
      19
      14
      21
      23
      14
      23
      18
      18
      19
      14
      16
      20
      20
      15
      13
      19
      18
      21
      18
      17
      22
      21
      20
      13
      19
      20
      16
      11
      23
       8
      20
      21
      20
      14
      16
      19
      16
      14
      13
      10
      21
      16
      14
      17
      18
      12
      17
      11
      14
      13
      20
      20
      20
      19
      22
      14
      15
      21
      23
      11
      18
      19
      15
      12
      22
      11
       9
      14
      13
      18
       9
      21
      14
      21
      10
      31
      13
      14
      22
      11
      14
      10
      17
      16
      17
      11
      12
      22
      10
      20
      12
      11
      14
      14
      14
      16
      17
      27
      19
      13
      18
      12
      11
      18
      24
      22
      12
      20
      15
      18
      14
      15
      10
      15
      27
      13
      17
      20
      16
      16
      16
       5
      11
      10
      18
      21
      11
      13
      10
      17
      18
      23
      12
      15
      29
      22
      13
      15
      17
      22
      15
      17
      15
      16
      17
      22
      19
      13
      19
      19
      14
      16
      16
      19
      20
      17
      14
      15
      19
      14
      12
      15
      17
      14
      20
      22
      17
      10
      12
      14
      13
      18
      14
      19
      14
      18
      17
      12
      22
      20
      15
      19
      11
      14
      18
      21
      13
      17
      20
      17
      21
       9
      14
      15
       8
      19
      19
      20
      16
      13
      15
      14
      19
      12
      15
       7
      17
      18
      20
      17
      16
      11
      13
      15
       8
       9
      14
      15
      13
      18
      18
      14
      20
      20
      17
      18
      13
      21
      12
      26
      11
      17
      19
      14
      15
      11
      11
      17
      11
      16
       6
      18
      17
      26
      20
      16
      14
      16
      18
      21
       9
      18
      19
      15
      17
      17
      18
      15
      19
      11
      15
      21
      18
      13
      21
      17
      10
      11
       8
      15
      15
      16
      13
      20
      21
      15
      15
      13
      11
      19
      15
      13
      15
      16
      20
      15
      10
       8
      16
      16
      17
      10
      13
      11
      17
      19
      15
      16
      10
      21
      14
      13
      17
      11
       9
      14
      11
      13
      13
      12
      19
      17
      21
      13
      13
       6
      12
      11
      11
      20
      15
      14
      16
      21
      18
      14
      13
      16
      11
      14
      13
      19
      18
      23
      18
      21
      17
      14
      22
      18
       9
      23
      16
      23
      15
      24
      20
      19
      17
      16
      18
      15
      15
      14
       9
      17
      17
      12
      14
      13
      21
      21
      13
      21
      12
      10
      12
      14
      17
      18
       9
      14
      13
      16
      23
      16
      16
      10
      19
      18
      15
      17
      11
       9
      13
      15
      14
       9
      14
      17
      17
      22
      13
      18
      18
      15
      13
      21
      12
       9
      16
      21
      17
      18
      13
      13
      12
       8
      16
      16
      11
      14
      11
      19
      11
      14
      10
      21
      13
      15
      13
      21
      13
      19
      16
      15
      23
      11
      11
      20
      15
      20
      18
      11
       9
      17
       9
      15
      14
      16
      16
      18
       5
      10
      17
      10
       7
      13
      15
      15
      12
      15
       7
      13
      12
      13
      13
      14
      17
      16
      15
      13
      12
      16
      14
      14
      17
      17
      16
      19
       8
      17
      17
      15
      15
      13
      12
      22
      12
      13
      13
      15
       9
      12
      11
       9
      10
       9
      14
      19
      17
      11
      15
      17
       6
      16
      11
      18
       8
      17
      14
      11
      17
      13
      10
      15
      12
      14
      15
       7
      20
      17
      12
      16
      12
      12
      16
      13
      11
      23
      16
      19
      10
      10
      10
      16
      15
      18
      11
      14
       7
      11
       9
      18
      15
      16
      20
      16
      17
      11
      11
      16
      17
      17
      13
      10
      14
       6
       9
      17
      15
      11
      13
      12
      12
       7
      15
      11
      11
      10
      19
      14
      15
      15
      21
      16
      18
      12
      11
      10
       6
      11
      20
      17
      15
      10
      18
      10
      18
      16
      10
      13
       8
      13
      19
      14
      11
      12
      12
      13
      17
      19
      10
      17
      19
      10
       9
      15
      10
      19
      15
      23
      12
       9
      14
      18
      12
      17
      15
      11
      14
      10
       5
       7
      16
      12
       9
       8
      17
      10
      13
       9
       7
      11
      15
      12
      10
      10
      13
      11
      10
      13
       9
       5
      11
      15
      11
      16
      10
      15
      17
      13
      12
      19
      11
      20
      15
      13
      14
       6
      15
      17
      17
      10
       8
      20
      16
      18
      12
      14
      11
      13
      14
      14
      13
       8
       7
      11
      15
      20
      15
      18
      13
      16
      15
      10
      15
      16
      18
      16
      14
       8
      12
      17
       9
      11
      10
      13
      21
      11
      16
      17
      11
       9
      12
       9
      16
      17
      16
      19
      16
       7
      15
      13
      12
      12
      18
      14
      15
      13
      15
      19
      13
      12
      14
      10
      10
      12
      16
      14
       9
      21
      16
      16
      16
       9
      17
      10
      13
      11
      16
      11
      14
      16
       9
      14
      15
      16
       9
      19
      11
      13
      23
      10
       8
      16
      12
      10
      21
      12
      12
      10
       7
      12
      14
      18
      12
      14
       9
       5
      14
      11
      15
      17
      17
      17
      10
      13
      15
      14
       8
      12
      15
      16
      13
      12
      14
      12
      18
      12
      17
       9
      15
      17
       9
      21
      16
      17
      10
       9
      21
      20
      15
      18
      17
      18
      13
      21
      16
      20
      11
      19
      12
      14
      10
      11
      17
      15
      12
      12
      12
      16
      13
      16
      13
       6
      15
      17
      21
      12
      11
      16
      11
      13
      11
      13
      12
      13
      12
      12
      10
      12
      15
       9
       8
      15
      15
      12
      10
      10
       9
      14
      14
       6
       9
      13
      12
      13
      14
      14
      16
       8
       7
      16
      12
      13
       9
      14
      22
       9
      14
      13
      14
      13
      19
       8
      18
      13
      17
       8
      13
      11
      16
      14
      16
      11
      15
      10
      14
      16
      13
      11
      23
      13
       9
      16
      18
      10
      12
      15
      11
      14
      12
      11
      11
      13
      12
      10
      15
      13
      10
      12
       5
      11
      15
      19
      13
       6
      13
      11
      13
       9
      10
      15
      15
       5
       7
      11
      11
      12
      15
      20
      25
      14
       2
       9
       8
      17
       8
      19
      16
      11
      11
       5
      19
      11
       6
       7
      16
      14
       9
       9
      15
      11
       5
      11
      21
      15
      19
      12
      13
      22
       5
       8
      15
      24
      19
      12
      15
       9
      14
      14
      12
      11
      12
      15
      13
      15
      12
      13
      13
      12
      19
      10
      15
      13
      11
      15
      13
      11
      16
      15
      10
      12
      12
      12
      17
      10
      10
      12
      12
       9
      13
      13
      13
      11
      10
      14
      13
       6
      14
       8
       7
      12
      10
       6
      12
      13
      11
       6
      12
      19
      16
      13
       8
       8
      20
      13
      10
      12
      16
      11
       8
      13
      14
       8
      14
      19
      19
      13
      16
      11
      17
      21
      23
      27
      23
      22
      25
      27
      22
      25
      18
      22
      25
      23
      16
      12
       6
      13
      11
      15
      16
       9
      11
      11
      12
       5
       9
       5
       9
      14
       8
      14
      12
      13
       7
       6
      13
      12
       7
      17
      13
      10
       9
       9
      10
       5
      16
      13
      13
      13
      11
      12
      14
      14
      15
      15
       6
       8
       8
      13
      16
      10
      13
       7
      10
      18
      10
      12
      13
      15
      11
      13
      11
      12
      13
      10
       8
       7
      13
      14
      15
       6
      12
       9
      12
       7
      17
      13
      12
      16
      10
      12
       9
      14
      11
      15
      12
      12
      10
      10
      13
       9
      11
      14
      10
      11
      11
       7
      11
      14
      13
      22
      13
      20
      13
      15
      16
      13
      15
      11
      10
      12
      12
      13
      13
      11
      10
       9
       7
      10
      11
       9
       9
       6
       8
      12
      18
      16
       8
       9
      14
      15
      14
      15
      12
       9
      12
      13
      19
      13
      16
       9
      11
      13
      18
      16
      10
      15
      17
       8
       9
       6
      12
       7
       6
      16
      10
      12
      13
       8
       9
      13
      12
      19
       6
       9
       8
       7
      12
      11
      17
      18
      16
      14
       9
      10
       8
       8
      10
      10
       7
       8
      18
      11
      13
      13
      10
      11
      10
      13
      14
      11
       8
      12
      13
       9
       6
      13
      12
      14
      13
      12
      11
      12
      15
      11
      15
      19
       8
       7
       8
      15
      12
       9
      11
       8
       8
      13
       8
      19
       7
      23
      13
      22
      12
       5
      10
       8
      17
       5
      14
       7
       8
       5
      10
      10
      13
       7
      13
      12
      10
      16
      12
      20
      10
      12
      14
      14
       7
      14
      10
      15
      16
      21
      11
      14
      10
      11
      15
       4
      15
      15
      17
      11
      11
      13
      15
      16
      11
      17
      17
      17
      21
      16
      27
      15
      18
      17
      25
      12
      16
      14
       4
      10
      10
      14
      10
      14
      13
       7
       3
      16
       4
      14
      22
      14
      19
      11
       9
      10
       8
      18
      11
      10
      15
      13
       8
      11
      10
      13
      13
       8
      11
      11
       6
      11
       6
      15
      14
       9
      11
      14
       7
       8
       7
      17
       6
      17
      10
      10
      11
       9
       6
       6
       7
       8
      16
      14
      14
       4
      16
      11
      13
       9
       8
       7
       8
      11
       5
       8
      10
       7
      11
      19
       7
      14
      19
       7
      11
      16
      13
       8
      13
       9
       7
       6
      10
      14
       9
      17
      16
      16
      13
       6
      13
      10
      10
      14
      20
       9
      14
      13
      12
       9
      10
       9
      13
      10
      10
      11
      11
       7
      11
      14
      16
      10
      10
      11
      10
      11
      11
       5
       6
       8
      10
       7
      15
      15
      12
       5
       8
      14
       8
       8
      10
      11
      11
      13
      11
       8
      12
      13
      11
       7
       9
       8
      16
       9
      11
       5
      12
      12
      16
      10
      12
      14
       8
      12
       9
       6
      17
      12
      13
      11
       7
      12
      10
      11
       6
      14
      12
      16
       8
      10
      13
      16
      10
      12
       5
      11
       9
      12
      13
       9
      16
       6
      15
       8
      10
       9
       8
      13
      11
      13
      11
      10
      11
      15
      11
      15
      16
       8
       9
      10
      10
      10
      11
      12
      11
       8
       6
       9
      14
       5
      11
      10
       9
      14
       9
       6
      12
       5
       6
      10
       9
      13
      13
      14
      10
       7
       9
      10
      12
      14
      13
      12
      11
       9
       4
      11
      11
      14
      11
       8
       8
      11
      15
       9
       7
      11
       6
       8
       8
      13
       9
       6
       4
      10
      12
      12
       6
       8
       4
      14
       9
      12
       6
       9
      14
      13
      15
      15
       7
       9
      13
       8
      10
       9
      10
       7
      12
       7
      12
      10
      10
      11
       7
       7
       9
      10
       9
       9
      13
       9
      12
      11
      17
       9
       9
      20
       9
       9
       8
      10
      13
       4
      10
      11
      10
       9
      15
      13
      11
       9
      15
      10
      13
       9
      11
       4
      13
       8
      12
      10
      11
      12
      10
       5
      10
      12
      11
      12
      11
       8
      13
       5
      14
      10
      15
      12
       5
      13
      15
      17
      13
       6
      11
       8
       8
       9
       8
      14
       9
       4
       9
      10
      13
      10
       7
      13
      16
       9
      10
       6
      11
      14
       8
      11
      12
       9
       9
      10
      14
      10
      18
       9
      13
       8
      11
      10
      13
       8
      11
       8
       7
      11
      15
      10
       5
       9
       7
       7
      10
      10
       7
       6
      14
       6
       9
       9
      11
      12
      15
       3
      11
       8
       8
      14
      11
      13
      11
       8
      15
       9
       6
      10
      15
      13
       8
      10
      18
      15
       7
      14
      10
      13
       9
      12
      16
      11
      10
       8
      11
      13
       7
      12
       9
       5
      12
      12
       6
       8
       6
       5
       9
      15
      14
       9
       5
      12
       7
       9
      10
      11
       8
      15
       6
       7
       7
       7
      10
      11
      10
       7
       9
      12
      10
       7
       9
      14
       4
      12
       7
       7
       8
       6
      12
       8
       8
       8
      19
       8
       8
       9
       5
      11
      10
       7
      11
      14
      10
      11
      13
       7
      10
      12
       9
       7
      15
      12
      12
      10
      12
      12
       7
      10
       9
       5
      13
      10
       9
       8
      13
       9
       9
      11
      10
       9
       8
       9
      10
       9
      11
       7
       7
       8
      15
      17
       8
      10
       6
      15
       7
       6
       7
       8
       7
       7
      13
      14
      19
       4
       9
       9
      10
       8
      10
       8
       8
       7
       7
      10
       9
       9
      10
      18
      10
       9
      11
      10
      11
       8
      11
      10
       8
       6
      10
       5
       9
       8
      14
      11
       7
       9
      14
      12
       9
      11
       9
      13
      10
       9
      17
      11
       8
      11
       8
      10
      15
       6
      11
       3
       9
       7
      16
      12
       8
       8
       3
      10
      14
       7
      11
      10
      11
      12
      12
      10
      16
      12
       8
       9
      14
      10
       8
      11
      12
      12
       9
      11
       7
       8
       9
      11
      18
      13
      10
       8
       9
       9
      10
      11
      11
      10
      10
       5
       8
       9
      11
       6
      12
       8
       7
       7
      10
      14
      12
       7
       9
       6
      12
       8
      10
      12
       8
       5
       7
       6
      17
       8
      11
       8
      11
      15
       8
      10
      14
       8
       5
      11
      16
      11
      14
       6
      13
      11
      12
       9
      10
      11
       7
      12
       7
       7
      10
       6
      11
      11
      10
      13
       7
       8
      14
      13
       8
       4
       4
       8
      10
      12
       8
       5
       9
      15
      11
       9
       6
      12
      13
       9
      22
       6
      15
      11
      10
      12
      18
      17
      14
      23
      21
       9
      18
      25
      28
      22
      21
      27
      29
      25
      23
      22
      16
      23
      13
      11
      11
       5
      10
      12
       6
      10
      12
      14
      10
       7
       5
      16
       5
       7
      12
       7
      10
      11
       4
      12
       3
       4
       9
       9
       9
      11
       9
      15
       6
      11
      10
      13
       6
      13
      12
       8
      10
       9
       8
      12
       4
       7
       9
       9
       8
       5
      10
       8
       8
       8
       8
      13
      13
       7
      12
       4
      10
      10
      11
       7
       7
      11
      10
      10
       6
      10
      10
       5
       7
      13
      15
      12
       6
      10
      12
      12
       9
       7
       8
       9
       6
      10
      12
      15
      13
       6
       6
      13
       7
       7
      10
       6
       1
       6
       4
      11
       9
      11
       9
      13
      19
      13
       8
      12
       7
       8
       8
       4
       9
       6
       6
       7
       7
       8
      12
       5
       5
       9
       6
       8
       6
      11
      10
       8
      14
      10
       9
       5
      10
      17
       9
      11
      13
       9
      13
       5
      10
      12
       9
      12
      12
       8
       8
       7
       9
      12
       9
      10
      11
       3
      10
      11
      11
      10
      12
      12
       8
       8
       5
      11
      13
      14
      16
       9
      18
      13
       9
       8
      10
       7
       6
       6
      10
       7
      12
      11
      10
       6
      10
      10
       5
      14
      11
       4
       7
       8
       5
      14
      13
       9
      13
      10
      18
       9
      13
       9
      11
      11
      13
      11
      14
      14
       9
      11
       9
      14
       8
       5
      12
      15
      10
       6
       6
       7
      10
       7
       9
      11
       5
      10
       5
       9
       8
      12
      10
       8
      10
       8
       8
      10
       8
      10
       9
      10
      14
       9
       6
      12
       8
       9
      11
       7
       6
      11
       4
      11
       8
      11
       8
       5
       8
       4
       7
      13
       8
       8
      12
       7
      12
      15
      10
      10
      10
       9
       5
      15
       9
      10
       8
       7
       5
       8
      10
       5
       7
      11
       5
      12
       7
       8
       8
      10
       8
      13
       9
      15
       7
      11
       8
      13
      15
       9
       7
       7
      13
       7
       4
       9
       5
      10
      10
       8
       8
       8
      11
       7
       6
      14
      14
       7
      11
      11
      10
       8
      12
      15
       9
       7
       9
      11
       5
       7
       7
      15
       7
      12
      10
       8
      12
       8
       7
      10
       4
      10
       6
      11
      14
       8
      12
       9
       7
       7
      12
       4
       5
      11
       8
      14
       6
       9
      12
       9
      11
      12
      12
       8
       8
      16
       7
       7
       7
       7
       8
       8
      12
      12
       7
       8
       7
      11
      14
      10
       7
       7
      17
      14
       7
       5
       3
       6
       6
       6
      13
       6
       9
       9
      11
      11
      11
      11
      10
      13
      15
      12
      16
       7
       7
      15
       8
       7
       6
       8
       8
      13
      11
      10
      11
       8
       5
       8
       9
      13
      10
       9
       4
       6
       8
      14
      14
      15
       8
      13
       5
      10
      14
       9
      12
       7
      16
      13
       8
       5
      12
      11
       3
      11
       8
       7
       8
      10
      14
       9
       8
      13
       7
       8
       6
      10
       8
      15
       7
       7
      11
       8
       6
      11
       9
       6
       7
       2
      10
       8
       9
      11
       7
       7
      10
      11
      10
       9
      11
       8
      17
       7
       4
       9
       9
       6
       8
      12
       9
      11
       6
       9
       6
       4
       6
       9
       9
       6
      11
       7
       5
       6
       5
      12
      11
       9
       9
      10
       9
      11
      16
       5
       9
      11
       4
      13
      13
       8
      12
       3
      10
       4
       9
       9
       6
       7
       7
      11
       9
       2
      12
       3
      14
       7
       9
       8
       8
      10
      10
       4
       4
       7
      11
      11
       8
       7
       9
       9
       9
      13
      11
       9
       6
      10
       6
      13
      14
      10
       8
      11
      11
      10
       8
      15
      15
      15
      17
      14
      17
      14
      11
      17
      19
       8
       8
      17
      11
      12
       7
       8
       6
      17
       9
      12
       7
      10
      14
       9
       4
       6
       5
       8
      12
      11
       8
       6
      14
       9
       6
      13
       9
       4
      13
       7
       5
       6
       5
       4
       3
      11
      10
       8
       5
      11
       8
       7
      10
      10
       5
      10
       8
       4
       7
       8
       6
       6
      12
       8
       8
      10
       8
       9
       9
       6
      10
       7
       8
       9
      13
       6
       5
       4
       9
       6
      11
       9
       9
       5
       3
       6
      12
       8
       8
       9
      14
       8
       8
       3
       7
       4
      10
      10
       5
       9
      12
       3
       7
       8
       5
      10
       9
       4
      14
       2
       6
       5
       7
       7
       6
       5
       9
       6
       8
       8
       6
       4
       8
      10
       3
       9
       7
       4
       9
       3
       6
       3
       6
      13
       8
       8
       7
       5
       7
       6
       7
       9
       4
       7
       6
       7
       6
       4
       5
       8
       7
       9
       5
       4
       6
       3
       4
       4
       5
       7
      10
       7
      10
       5
       9
       7
       2
       6
      13
      12
       6
       8
       4
       1
       5
      10
       7
       5
       3
       8
       4
       6
      10
       9
       3
      10
      12
       4
       2
       7
       7
       6
       6
       7
       4
       6
      11
       6
      13
       6
       7
      11
      10
      11
       6
       6
       9
       8
       3
       7
      12
       5
      11
       5
       1
       6
       6
      11
       4
      10
       6
       5
       5
       6
       9
       2
      10
       6
       9
       8
       4
       0
      10
       8
       8
       6
       8
       5
       6
       3
       6
       6
       9
       9
       4
       4
       6
       6
       7
       8
       7
       8
       2
       8
       3
       7
       5
       7
       6
       4
       4
       6
       6
       8
       9
       3
       9
       5
       6
       3
      14
       4
      10
       8
       6
       7
       7
       3
       4
       9
       7
       6
      11
      11
       2
       7
       9
       6
       9
       5
       7
       3
       6
      11
       4
       9
       5
       4
       7
       3
       8
       7
       5
       6
       6
      10
       3
       8
       8
       8
       5
       7
       6
       5
       3
       2
       6
       6
       5
       7
       3
       7
       4
       7
       5
       8
       4
       2
       3
       3
       4
       8
       9
       3
       5
       5
       8
       4
       6
       7
      10
       6
       0
       6
       3
       3
       8
       6
       9
       8
       9
       2
       3
       6
       3
       4
       4
       7
       6
       3
       2
       9
       7
      10
       6
       4
       8
       8
       2
       6
       7
       5
       5
       5
      10
       4
       6
       3
       8
       5
       6
       7
       4
       4
       9
       6
       6
       4
       2
       9
       6
      10
       7
       4
       6
       6
       6
       5
       3
       5
       2
       6
       8
       3
       9
       6
       7
       4
       3
       3
       7
       6
      10
       8
       5
      10
       7
       7
       8
       5
       4
       3
       0
       4
       6
       5
       2
       4
       2
       5
       5
       7
       9
       9
       7
       5
       8
      10
       4
       0
       2
       8
       3
       9
       4
      10
      11
       2
       2
       1
      11
       7
       6
       6
       9
       7
       5
       4
       5
       9
       4
       8
       7
       4
       7
       5
      10
       6
       1
       4
       3
       5
       8
       8
       3
       5
       7
       4
       8
       2
       8
       6
       4
       4
       7
       5
       6
       5
       6
       7
       8
       3
       7
       5
       7
       4
       6
       7
       6
       8
       2
       4
       6
       2
       2
       4
       3
       6
       5
      10
       7
       9
       2
       3
       4
       5
       5
       6
       4
       3
       3
       7
       8
       4
       5
       3
       5
       4
       6
       6
       3
       6
       5
       5
       5
       4
       9
       4
       8
       2
      10
       4
       3
       6
       5
       6
       4
       3
       4
       3
       3
       8
       9
       4
      10
       3
       3
       2
       3
       5
       4
       4
       5
       4
       2
       6
       2
       3
       1
       3
       2
       7
       3
       7
       4
       2
       3
       6
       6
      11
       5
       4
       3
       6
       1
       2
       6
       6
       6
       7
       7
       6
       4
       5
       2
       7
       4
      11
       5
       5
       8
       4
       7
       6
       9
       2
       4
       3
       6
       4
      10
       3
       4
       3
       8
       6
       5
       4
       3
       5
       5
       5
       3
       6
       2
       3
       3
       5
       4
       3
       6
       4
       4
       6
       3
       5
       4
       2
       7
       4
       5
       5
       1
       7
       5
       1
       3
       4
      10
       1
       5
       8
       5
       5
       9
       4
       6
       2
       4
       9
       4
       1
       4
       9
       2
       7
       7
       8
       5
      11
       4
       8
       6
       8
       6
       7
      18
      15
       6
      11
      10
      10
       7
       3
       8
       6
       4
       8
       8
       8
       4
       6
       5
       5
       7
       2
       2
       2
       7
       4
       4
       3
       4
       1
       6
       3
       5
       6
       7
       6
       3
       3
       5
       5
      14
       3
       4
       4
       7
       4
       3
       4
       4
       9
       2
       4
       4
       2
       5
       4
       4
       1
       3
       3
       7
       3
       7
       7
       5
       5
       3
       5
       2
       7
       6
       2
       5
       6
       6
       3
       4
       4
       6
       4
       5
       8
       4
       4
       3
       0
       6
       2
       0
       2
       1
       1
       5
       7
       5
       5
       4
       3
       6
       8
       6
       3
       5
       9
       3
       2
       5
       4
      10
       5
       7
       3
       5
       2
       2
       5
       6
       9
       6
       7
       3
       6
       4
       6
       5
       8
       5
       9
       8
      11
       6
       9
       6
       5
       5
       5
       4
       2
       6
      11
       1
       6
       5
       5
       6
       5
       2
      11
       6
       4
       4
       5
      12
       6
       5
       5
      10
       6
      10
       5
       4
       4
       7
       5
       2
       8
       4
       6
       3
       3
       1
       1
       5
       4
       2
       4
       3
       2
       4
       3
       7
       5
       2
       5
       3
       5
       4
       7
       4
       2
       2
       6
       5
       4
       6
       6
       3
       8
       6
       9
       3
       6
       1
       4
       2
       5
       5
       5
       5
       2
       6
       2
       4
       5
       6
       5
       3
       4
       1
       3
       4
       6
       5
       5
       5
       3
       2
       6
       4
      10
       6
       3
      10
       3
       6
       4
       4
       3
       3
       4
       5
       4
       5
       4
       3
       0
       6
       5
       2
       8
       0
      10
       3
       2
       3
       3
       4
       4
       3
       6
       5
       4
       6
       6
       0
       5
       1
       2
       7
       5
       2
       5
       3
       5
       5
       3
      11
       5
       2
       0
       5
       3
       2
       6
      11
       4
       8
       4
       3
       4
       5
       4
       1
       9
       3
       3
       5
       4
       2
       5
       1
       6
       4
       1
       5
       7
       3
       8
       6
       4
       5
       5
       5
       7
       3
       7
       3
       7
       5
       7
       4
       3
       2
       5
      14
       6
       1
       2
       8
       0
       2
       1
       2
       2
       5
       2
       3
       2
       3
       4
       1
       4
       4
       1
       4
       3
       4
       1
       4
       4
       4
       3
       2
       3
       2
       4
       6
       3
       4
       8
       3
       4
       5
       3
       3
       4
       5
       4
       3
       4
       8
       5
       0
       7
       6
       7
       7
       7
       9
       5
       9
       7
       5
       8
       9
       6
       7
      12
      11
      13
       9
      18
      21
      28
      24
      29
      30
      43
      41
      31
      49
      44
      66
      55
      69
      70
      83
      72
      63
      70
      79
      79
      66
      55
      53
      40
      34
      25
      22
      15
      11
       6
       7
       4
       5
       3
       5
       1
       3
       2
       5
       6
       2
       0
       3
       3
       1
       3
       2
       0
       4
       4
       1
       5
       4
       2
       5
       3
       6
       3
       3
       3
       1
       3
       2
       1
       2
       4
       2
       7
       4
       6
       1
       5
       4
       2
       2
       1
       4
       3
       5
       6
       7
       3
       7
       5
       1
       5
       2
       2
       4
       3
       3
       3
       5
       4
       5
       5
       2
       6
       5
       4
       3
       3
       3
       1
       3
       4
       2
       5
       1
       4
       1
       1
       9
       4
       4
       1
       4
       5
       6
       1
       5
       4
       3
       3
       5
       3
       6
       2
       4
       1
       2
       2
       3
       5
       2
       3
       2
       3
       3
       6
       2
       2
       2
       2
       6
       5
       6
       5
       1
       2
       1
       2
       1
       2
       5
       2
       2
       3
       1
       7
       4
       7
       5
       4
       6
       3
       1
       4
       4
       3
       9
       2
       4
       1
       3
       1
       7
       6
       7
       4
       1
       1
       4
       4
       6
       6
       1
       5
       5
       3
       4
       0
       3
       1
       5
       1
       4
       5
       5
       4
       5
       4
       1
       4
       0
       6
       0
       2
       9
       1
       1
       4
       5
       3
       5
       1
       4
       3
       5
       7
       2
       4
       3
       5
       5
       3
       5
       3
       3
       2
       5
       4
       6
       9
       5
       4
       4
       0
       5
       3
       4
       5
       5
       7
       5
       5
       9
       9
       0
       5
       7
       9
       6
       8
       8
       6
       7
       6
       4
       7
       4
       6
       6
       2
       1
       7
       5
       3
       5
       3
       6
       2
       2
       2
       2
       2
       2
       2
       3
       1
       5
       2
       1
       2
       1
       4
       3
       4
       1
       1
       3
       2
       0
       3
       1
       5
       4
       1
       4
       9
       0
       3
       6
       5
       3
       5
       9
       4
       4
       5
       2
       2
       2
       2
       3
       3
       3
       5
       2
       2
       4
       5
       4
       3
       2
       1
       5
       3
       1
       2
       2
       0
       4
       4
       5
       7
       4
       2
       6
       3
       2
       0
       2
       3
       7
       1
       7
       5
       7
       4
       3
       2
       4
       4
       4
       4
       3
       6
       5
       1
       2
       5
       3
       4
       5
       2
       2
       3
       0
       1
       6
       3
       5
       2
       3
       3
       7
       8
       5
       7
       3
       5
       5
       0
       3
       3
       5
       3
       2
       0
       0
       2
       3
       4
       5
       2
       3
       2
       4
       4
       4
       4
       4
       3
       3
       3
       6
       1
       6
       3
       3
       6
       4
       5
       3
       5
       3
       1
       3
       3
       3
       6
       1
       3
       1
       4
       3
       6
       4
       5
       4
       2
       4
       8
       2
       4
       5
       3
       3
       3
       4
       2
       5
       2
       1
       5
       3
       6
       1
       5
       1
       3
       0
       2
       3
       3
       2
       4
       4
       5
       4
       3
       3
       3
       3
       4
       4
       3
       2
       3
       2
       1
       4
       3
       4
       9
       1
       5
       5
       3
       4
       0
       3
       3
       2
       1
       2
       3
       4
       2
       4
       4
       6
       1
       3
       5
       2
       4
       4
       4
       1
       2
       5
       4
       1
       1
       5
       4
       4
       2
       4
       2
       2
       5
       1
       1
       6
       3
       1
       1
       3
       4
       2
       2
       1
       3
       2
       2
       3
       0
       2
       2
       6
       4
       4
       2
       3
       1
       3
       3
       4
       1
       3
       2
       4
       1
       2
       2
       0
       1
       2
       3
       0
       5
       4
       2
       2
       3
       6
       0
       4
       1
       3
       3
       1
       2
       1
       1
       2
       3
       3
       2
       4
       1
       2
       3
       2
       1
       3
       6
       3
       2
       1
       2
       2
       2
       2
       1
       4
       4
       2
       5
       6
       2
       5
       3
       9
       2
       2
       4
       1
       4
       5
       6
       4
       2
       5
       2
       3
       5
       6
       2
       7
       2
       4
       3
       4
       6
       6
       3
       6
       5
       6
       3
       7
       6
       3
       4
       3
       1
       7
       6
       9
       7
       5
       3
      10
       5
       6
       6
       3
       5
       7
       4
       6
       5
       7
       6
       5
       2
       5
       4
      11
       5
       8
       6
       4
       9
       8
       6
      11
       7
       5
       3
       8
       5
       9
       5
       5
       5
       5
       3
       2
       2
       4
       4
       2
       1
       2
       3
       4
       4
       4
       5
       6
       4
       2
       3
       2
       0
       4
       0
       3
       3
       3
       2
       2
       2
       6
       1
       2
       6
       0
       4
       1
       2
       4
       1
       2
       2
       3
       3
       4
       2
       1
       4
       1
       3
       2
       2
       1
       2
       5
       3
       2
       0
       5
       1
       3
       3
       3
       2
       3
       4
       6
       2
       1
       3
       2
       1
       3
       2
       2
       7
       1
       0
       2
       6
       2
       3
       5
       5
       4
       2
       2
       1
       2
       1
       1
       1
       4
       0
       1
       3
       2
       2
       2
       0
       2
       1
       3
       4
       4
       3
       2
       6
       2
       2
       2
       2
       0
       4
       5
       4
       2
       2
       1
       4
       3
       3
       5
       3
       2
       2
       2
       3
       4
       2
       2
       3
       5
       2
       1
       5
       4
       0
       0
       2
       3
       4
       5
       4
       6
       3
       6
       1
       3
       4
       2
       2
       3
       0
       4
       3
       5
       4
       2
       3
       3
       0
       2
       3
       1
       1
       4
       4
       5
       1
       3
       4
       4
       5
       3
       2
       2
       0
       0
       1
       1
       0
       4
       6
       1
       6
       0
       7
       3
       0
       3
       2
       8
       6
       0
       4
       0
       2
       1
       3
       0
       2
       2
       1
       2
       4
       3
       0
       3
       4
       1
       2
       0
       2
       2
       2
       1
       0
       4
       3
       3
       1
       2
       2
       2
       3
       1
       1
       4
       2
       4
       3
       3
       2
       3
       1
       2
       1
       2
       5
       2
       1
       2
       0
       4
       3
       4
       4
       3
       4
       3
       3
       6
       3
       2
       3
       1
       3
       3
       0
       1
       1
       1
       1
       1
       1
       1
       1
       3
       1
       2
       3
       1
       1
       3
       3
       2
       1
       1
       0
       1
       5
       2
      23
      33
      33
      35
      33
      36
      49
      44
      53
      46
      46
      49
      48
      38
      47
      46
      50
      30
      56
      32
      47
      44
      41
      34
      41
      35
      29
      51
      30
      41
      44
      43
      44
      44
      56
      40
      47
      26
      43
      45
      42
      32
      46
      45
      25
      35
      35
      38
      46
      48
      40
      35
      40
      35
      38
      40
      31
      38
      39
      35
      42
      35
      45
      47
      39
      37
      27
      52
      30
      52
      32
      39
      37
      45
      42
      52
      39
      33
      42
      35
      31
      30
      29
      32
      44
      41
      37
      36
      35
      38
      32
      46
      38
      47
      30
      46
      40
      45
      40
      48
      44
      34
      43
      50
      39
      34
      22
      43
      32
      41
      43
      25
      23
      36
      52
      26
      31
      31
      33
      46
      38
      44
      38
      42
      38
      42
      41
      33
      39
      40
      44
      36
      43
      33
      42
      38
      26
      37
      38
      37
      45
      46
      41
      33
      29
      38
      34
      38
      37
      36
      42
      46
      37
      33
      38
      25
      30
      36
      42
      39
      39
      39
      41
      28
      33
      37
      29
      51
      39
      36
      43
      37
      42
      47
      29
      55
      33
      41
      35
      27
      34
      34
      28
      34
      26
$ROI:
0
$PRESETS:
None
0
0
$ENER_FIT:
0.000000 0.000000
$MCA_CAL:
3
0.000000E+000 0.000000E+000 0.000000E+000 
$SHAPE_CAL:
3
0.000000E+000 0.000000E+000 0.000000E+000
