  -0.5000       319
  -0.4800       460
  -0.4600       595
  -0.4400       905
  -0.4200      1362
  -0.4000      1838
  -0.3800      2529
  -0.3600      3079
  -0.3400      3803
  -0.3200      5087
  -0.3000      6886
  -0.2800      8781
  -0.2600     11127
  -0.2400     14156
  -0.2200     18088
  -0.2000     25005
  -0.1800     35581
  -0.1600     50883
  -0.1400     73432
  -0.1200    110895
  -0.1000    183648
  -0.0800    371466
  -0.0600    769421
  -0.0400   1279440
  -0.0200   1505040
   0.0000   1618610
   0.0200   1386590
   0.0400   1082370
   0.0600    596774
   0.0800    291771
   0.1000    163664
   0.1200    115905
   0.1400     83539
   0.1600     62409
   0.1800     49401
   0.2000     40061
   0.2200     31492
   0.2400     24011
   0.2600     15605
   0.2800     10110
   0.3000      6549
   0.3200      4317
   0.3400      2686
   0.3600      1594
   0.3800       815
   0.4000       352
   0.4200       162
   0.4400       131
   0.4600       123
   0.4800       134
   0.5000       127
