  -1.0000   1615140
  -0.9600   1620340
  -0.9200   1607630
  -0.8800   1617260
  -0.8400   1620410
  -0.8000   1613030
  -0.7600   1622080
  -0.7200   1603070
  -0.6800   1598520
  -0.6400   1617330
  -0.6000   1611480
  -0.5600   1615720
  -0.5200   1636650
  -0.4800   1615530
  -0.4400   1629460
  -0.4000   1626570
  -0.3600   1625220
  -0.3200   1617710
  -0.2800   1441230
  -0.2400   1191840
  -0.2000    683500
  -0.1600    248423
  -0.1200     13950
  -0.0800        17
  -0.0400        43
   0.0000       100
   0.0400       204
   0.0800       402
   0.1200       898
   0.1600      1744
   0.2000      3367
   0.2400      6082
   0.2800     10024
   0.3200     18426
   0.3600     45313
   0.4000    188967
   0.4400    291992
   0.4800    312058
   0.5200    241874
   0.5600    117967
   0.6000     13802
   0.6400      4293
   0.6800      1306
   0.7200       251
   0.7600        52
   0.8000         4
   0.8400         0
   0.8800         0
   0.9200         0
   0.9600         0
   1.0000         0
