  -1.0000        20
  -0.9600        12
  -0.9200        30
  -0.8800        55
  -0.8400       407
  -0.8000      4897
  -0.7600     16512
  -0.7200     33697
  -0.6800     56740
  -0.6400     84496
  -0.6000    117667
  -0.5600    155223
  -0.5200    196470
  -0.4800    258907
  -0.4400    284447
  -0.4000    341256
  -0.3600    403145
  -0.3200    466061
  -0.2800    536489
  -0.2400    607241
  -0.2000    681312
  -0.1600    761734
  -0.1200    837953
  -0.0800    913264
  -0.0400    993378
   0.0000   1071310
   0.0400   1080170
   0.0800    955402
   0.1200    839991
   0.1600    732883
   0.2000    623049
   0.2400    526740
   0.2800    434310
   0.3200    354260
   0.3600    274651
   0.4000    205013
   0.4400    163712
   0.4800     99054
   0.5200     59909
   0.5600     28429
   0.6000      8237
   0.6400       579
   0.6800        80
   0.7200        44
   0.7600        43
   0.8000        15
   0.8400        16
   0.8800        12
   0.9200         6
   0.9600         3
   1.0000         4
