   0.0000   5375820
   0.0050   6147420
   0.0100   6580840
   0.0150   6486910
   0.0200   5981610
   0.0250   5099210
   0.0300   4061590
   0.0350   3159150
   0.0400   2515060
   0.0450   2141130
   0.0500   1940850
   0.0550   1858340
   0.0600   1825180
   0.0650   1831090
   0.0700   1859940
   0.0750   1898800
   0.0800   1954340
   0.0850   2005640
   0.0900   2088550
   0.0950   2156420
   0.1000   2229120
   0.1050   2305760
   0.1100   2381480
   0.1150   2455010
   0.1200   2523460
   0.1250   2602620
   0.1300   2664130
   0.1350   2726200
   0.1400   2776580
   0.1450   2829500
   0.1500   2893340
   0.1550   2942240
   0.1600   2977490
   0.1650   3016480
   0.1700   3081280
   0.1750   3118350
   0.1800   3156860
   0.1850   3180270
   0.1900   3215850
   0.1950   3207570
   0.2000   3135800
   0.2050   3016860
   0.2100   2846080
   0.2150   2626630
   0.2200   2325780
   0.2250   2016600
   0.2300   1705900
   0.2350   1408490
   0.2400   1122800
   0.2450    864971
   0.2500    672857
   0.2550    522902
   0.2600    411216
   0.2650    343862
   0.2700    302475
   0.2750    271526
   0.2800    241607
   0.2850    209814
   0.2900    179768
   0.2950    154345
   0.3000    136788
   0.3050    124646
   0.3100    117950
   0.3150    112667
   0.3200    104970
   0.3250     96125
   0.3300     85992
   0.3350     75454
   0.3400     67974
   0.3450     62821
   0.3500     59836
   0.3550     58864
   0.3600     56903
   0.3650     53976
   0.3700     50226
   0.3750     44980
   0.3800     40369
   0.3850     36316
   0.3900     34239
   0.3950     33141
   0.4000     32762
   0.4050     32434
   0.4100     31676
   0.4150     30060
   0.4200     27370
   0.4250     24594
   0.4300     22075
   0.4350     20225
   0.4400     19607
   0.4450     19192
   0.4500     19687
   0.4550     19679
   0.4600     19001
   0.4650     17790
   0.4700     16348
   0.4750     14552
   0.4800     13038
   0.4850     12315
   0.4900     11782
   0.4950     11710
   0.5000     12203
   0.5050     12395
   0.5100     12081
   0.5150     11535
   0.5200     10616
   0.5250      9436
   0.5300      8322
   0.5350      7679
   0.5400      7392
   0.5450      7525
   0.5500      7799
   0.5550      8088
   0.5600      8097
   0.5650      7826
   0.5700      7107
   0.5750      6364
   0.5800      5710
   0.5850      5122
   0.5900      4780
   0.5950      4931
   0.6000      5033
   0.6050      5430
   0.6100      5613
   0.6150      5475
   0.6200      4881
   0.6250      4426
   0.6300      4030
   0.6350      3423
   0.6400      3332
   0.6450      3310
   0.6500      3466
   0.6550      3586
   0.6600      3705
   0.6650      3721
   0.6700      3627
   0.6750      3186
   0.6800      2887
   0.6850      2465
   0.6900      2306
   0.6950      2145
   0.7000      2219
   0.7050      2445
   0.7100      2584
   0.7150      2595
   0.7200      2506
   0.7250      2410
   0.7300      2185
   0.7350      1809
   0.7400      1678
   0.7450      1566
   0.7500      1567
   0.7550      1585
   0.7600      1757
   0.7650      1866
   0.7700      1905
   0.7750      1789
   0.7800      1618
   0.7850      1421
   0.7900      1244
   0.7950      1178
   0.8000      1140
   0.8050      1087
   0.8100      1183
   0.8150      1332
   0.8200      1363
   0.8250      1314
   0.8300      1255
   0.8350      1168
   0.8400       972
   0.8450       817
   0.8500       737
   0.8550       803
   0.8600       808
   0.8650       931
   0.8700       943
   0.8750       977
   0.8800       924
   0.8850       919
   0.8900       764
   0.8950       680
   0.9000       644
   0.9050       577
   0.9100       592
   0.9150       617
   0.9200       648
   0.9250       703
   0.9300       716
   0.9350       679
   0.9400       649
   0.9450       547
   0.9500       472
   0.9550       425
   0.9600       430
   0.9650       440
   0.9700       454
   0.9750       486
   0.9800       544
   0.9850       511
   0.9900       491
   0.9950       431
   1.0000       397
   1.0050       374
   1.0100       344
   1.0150       312
   1.0200       341
   1.0250       379
   1.0300       372
   1.0350       421
   1.0400       362
   1.0450       351
   1.0500       312
   1.0550       296
   1.0600       281
   1.0650       273
   1.0700       277
   1.0750       267
   1.0800       277
   1.0850       284
   1.0900       283
   1.0950       277
   1.1000       246
   1.1050       229
   1.1100       204
   1.1150       201
   1.1200       189
   1.1250       196
   1.1300       185
   1.1350       209
   1.1400       238
   1.1450       221
   1.1500       209
   1.1550       195
   1.1600       167
   1.1650       169
   1.1700       147
   1.1750       158
   1.1800       167
   1.1850       176
   1.1900       176
   1.1950       177
   1.2000       138
   1.2050       171
   1.2100       127
   1.2150       129
   1.2200       123
   1.2250       126
   1.2300       125
   1.2350       115
   1.2400       133
   1.2450       162
   1.2500       127
   1.2550       117
   1.2600       104
   1.2650       118
   1.2700       101
   1.2750        74
   1.2800        87
   1.2850        92
   1.2900       109
   1.2950       108
   1.3000        97
   1.3050       106
   1.3100       102
   1.3150        85
   1.3200        70
   1.3250        74
   1.3300        73
   1.3350        60
   1.3400        77
   1.3450        69
   1.3500        86
   1.3550        88
   1.3600        85
   1.3650        79
   1.3700        51
   1.3750        62
   1.3800        63
   1.3850        72
   1.3900        71
   1.3950        69
   1.4000        61
   1.4050        68
   1.4100        55
   1.4150        63
   1.4200        47
   1.4250        51
   1.4300        37
   1.4350        52
   1.4400        51
   1.4450        42
   1.4500        53
   1.4550        46
   1.4600        45
   1.4650        59
   1.4700        43
   1.4750        32
   1.4800        34
   1.4850        34
   1.4900        44
   1.4950        36
   1.5000        38
   1.5050        45
   1.5100        45
   1.5150        34
   1.5200        43
   1.5250        38
   1.5300        39
   1.5350        29
   1.5400        30
   1.5450        21
   1.5500        28
   1.5550        35
   1.5600        27
   1.5650        33
   1.5700        25
   1.5750        43
   1.5800        29
   1.5850        30
   1.5900        16
   1.5950        26
   1.6000        20
   1.6050        16
   1.6100        18
   1.6150        25
   1.6200        26
   1.6250        28
   1.6300        36
   1.6350        15
   1.6400        19
   1.6450        19
   1.6500        20
   1.6550        22
   1.6600        23
   1.6650        18
   1.6700        29
   1.6750        23
   1.6800        20
   1.6850        25
   1.6900        15
   1.6950        14
   1.7000        15
   1.7050        11
   1.7100        19
   1.7150        18
   1.7200        17
   1.7250        27
   1.7300        19
   1.7350        16
   1.7400        10
   1.7450        13
   1.7500        16
   1.7550         4
   1.7600        10
   1.7650        11
   1.7700        13
   1.7750        23
   1.7800        15
   1.7850        11
   1.7900        14
   1.7950        11
   1.8000         8
   1.8050         7
   1.8100        11
   1.8150        12
   1.8200         8
   1.8250        13
   1.8300        14
   1.8350         8
   1.8400        15
   1.8450        15
   1.8500         1
   1.8550         8
   1.8600        13
   1.8650         8
   1.8700         9
   1.8750         7
   1.8800         9
   1.8850        15
   1.8900         9
   1.8950        10
   1.9000        10
   1.9050         6
   1.9100         5
   1.9150         9
   1.9200         4
   1.9250         5
   1.9300        12
   1.9350        13
   1.9400        11
   1.9450         6
   1.9500         5
   1.9550         7
   1.9600         6
   1.9650        10
   1.9700         8
   1.9750         5
   1.9800         9
   1.9850         6
   1.9900         4
   1.9950         4
   2.0000         3
   2.0050         4
   2.0100         4
   2.0150         6
   2.0200         2
   2.0250         6
   2.0300         5
   2.0350         3
   2.0400         3
   2.0450         4
   2.0500         4
   2.0550         4
   2.0600         8
   2.0650         5
   2.0700         4
   2.0750        12
   2.0800         4
   2.0850         4
   2.0900         3
   2.0950         6
   2.1000         8
   2.1050         4
   2.1100         5
   2.1150         4
   2.1200         6
   2.1250         4
   2.1300         6
   2.1350         5
   2.1400         4
   2.1450         3
   2.1500         4
   2.1550         5
   2.1600         4
   2.1650         1
   2.1700         2
   2.1750         2
   2.1800         2
   2.1850         2
   2.1900         4
   2.1950         3
   2.2000         5
   2.2050         3
   2.2100         4
   2.2150         3
   2.2200         4
   2.2250         4
   2.2300         4
   2.2350         1
   2.2400         7
   2.2450         6
   2.2500         5
   2.2550         3
   2.2600         3
   2.2650         3
   2.2700         4
   2.2750         2
   2.2800         3
   2.2850         5
   2.2900         2
   2.2950         3
   2.3000         5
   2.3050         3
   2.3100         0
   2.3150         1
   2.3200         5
   2.3250         1
   2.3300         2
   2.3350         4
   2.3400         3
   2.3450         1
   2.3500         2
   2.3550         1
   2.3600         0
   2.3650         2
   2.3700         2
   2.3750         4
   2.3800         3
   2.3850         1
   2.3900         2
   2.3950         1
   2.4000         4
   2.4050         0
   2.4100         1
   2.4150         1
   2.4200         0
   2.4250         4
   2.4300         3
   2.4350         4
   2.4400         0
   2.4450         3
   2.4500         2
   2.4550         1
   2.4600         2
   2.4650         1
   2.4700         2
   2.4750         5
   2.4800         0
   2.4850         1
   2.4900         2
   2.4950         0
   2.5000         1
