   0.0000    828473
   0.0050    733005
   0.0100    622888
   0.0150    536798
   0.0200    465497
   0.0250    413794
   0.0300    373884
   0.0350    344902
   0.0400    324672
   0.0450    306732
   0.0500    292146
   0.0550    284888
   0.0600    271417
   0.0650    255016
   0.0700    244715
   0.0750    232324
   0.0800    215082
   0.0850    201991
   0.0900    186453
   0.0950    171254
   0.1000    158325
   0.1050    145406
   0.1100    129777
   0.1150    114581
   0.1200    105517
   0.1250     97034
   0.1300     87769
   0.1350     77338
   0.1400     66268
   0.1450     57100
   0.1500     50492
   0.1550     46824
   0.1600     43081
   0.1650     40011
   0.1700     36748
   0.1750     34080
   0.1800     31165
   0.1850     28452
   0.1900     26306
   0.1950     23838
   0.2000     20995
   0.2050     18565
   0.2100     15920
   0.2150     13594
   0.2200     11144
   0.2250      9430
   0.2300      7672
   0.2350      6303
   0.2400      5223
   0.2450      4187
   0.2500      3531
   0.2550      2932
   0.2600      2535
   0.2650      2154
   0.2700      1859
   0.2750      1676
   0.2800      1531
   0.2850      1346
   0.2900      1147
   0.2950      1095
   0.3000      1030
   0.3050       889
   0.3100       808
   0.3150       737
   0.3200       671
   0.3250       669
   0.3300       604
   0.3350       598
   0.3400       572
   0.3450       536
   0.3500       503
   0.3550       450
   0.3600       422
   0.3650       400
   0.3700       427
   0.3750       411
   0.3800       361
   0.3850       344
   0.3900       342
   0.3950       375
   0.4000       339
   0.4050       341
   0.4100       305
   0.4150       284
   0.4200       238
   0.4250       251
   0.4300       235
   0.4350       246
   0.4400       248
   0.4450       231
   0.4500       239
   0.4550       232
   0.4600       221
   0.4650       197
   0.4700       186
   0.4750       168
   0.4800       190
   0.4850       187
   0.4900       172
   0.4950       202
   0.5000       171
   0.5050       188
   0.5100       163
   0.5150       157
   0.5200       146
   0.5250       140
   0.5300       124
   0.5350       155
   0.5400       117
   0.5450       146
   0.5500       158
   0.5550       125
   0.5600       132
   0.5650       113
   0.5700       113
   0.5750       101
   0.5800        98
   0.5850       111
   0.5900       108
   0.5950       114
   0.6000       120
   0.6050        88
   0.6100        99
   0.6150        79
   0.6200        85
   0.6250        79
   0.6300        86
   0.6350        92
   0.6400        80
   0.6450        83
   0.6500        85
   0.6550       103
   0.6600        85
   0.6650        87
   0.6700        68
   0.6750        65
   0.6800        84
   0.6850        77
   0.6900        71
   0.6950        81
   0.7000        78
   0.7050        82
   0.7100        79
   0.7150        72
   0.7200        64
   0.7250        58
   0.7300        51
   0.7350        47
   0.7400        56
   0.7450        67
   0.7500        53
   0.7550        50
   0.7600        69
   0.7650        65
   0.7700        78
   0.7750        52
   0.7800        51
   0.7850        45
   0.7900        54
   0.7950        38
   0.8000        44
   0.8050        59
   0.8100        59
   0.8150        46
   0.8200        65
   0.8250        39
   0.8300        54
   0.8350        31
   0.8400        38
   0.8450        37
   0.8500        51
   0.8550        44
   0.8600        38
   0.8650        40
   0.8700        41
   0.8750        37
   0.8800        29
   0.8850        28
   0.8900        29
   0.8950        30
   0.9000        29
   0.9050        37
   0.9100        34
   0.9150        41
   0.9200        47
   0.9250        25
   0.9300        38
   0.9350        29
   0.9400        28
   0.9450        25
   0.9500        21
   0.9550        30
   0.9600        21
   0.9650        25
   0.9700        27
   0.9750        25
   0.9800        30
   0.9850        23
   0.9900        26
   0.9950        15
   1.0000        20
   1.0050        22
   1.0100        10
   1.0150        13
   1.0200        29
   1.0250        20
   1.0300        28
   1.0350        22
   1.0400        30
   1.0450        22
   1.0500        23
   1.0550        25
   1.0600        19
   1.0650        20
   1.0700        24
   1.0750        20
   1.0800        28
   1.0850        18
   1.0900        19
   1.0950        17
   1.1000        19
   1.1050        14
   1.1100        19
   1.1150        13
   1.1200        17
   1.1250        14
   1.1300        12
   1.1350        22
   1.1400        24
   1.1450        11
   1.1500        16
   1.1550         9
   1.1600        11
   1.1650        13
   1.1700        11
   1.1750        12
   1.1800         6
   1.1850        15
   1.1900         9
   1.1950        16
   1.2000        14
   1.2050        12
   1.2100        14
   1.2150         8
   1.2200        10
   1.2250        13
   1.2300        13
   1.2350        10
   1.2400         6
   1.2450        11
   1.2500        10
   1.2550         9
   1.2600         6
   1.2650        11
   1.2700         6
   1.2750         9
   1.2800        10
   1.2850        11
   1.2900         5
   1.2950         8
   1.3000         9
   1.3050         9
   1.3100        10
   1.3150         4
   1.3200         6
   1.3250         7
   1.3300         7
   1.3350         8
   1.3400         9
   1.3450        11
   1.3500         6
   1.3550        10
   1.3600        11
   1.3650        10
   1.3700         5
   1.3750         4
   1.3800         7
   1.3850         7
   1.3900         6
   1.3950         9
   1.4000         7
   1.4050         6
   1.4100         5
   1.4150         5
   1.4200         7
   1.4250         6
   1.4300         5
   1.4350         4
   1.4400         5
   1.4450         4
   1.4500         5
   1.4550         7
   1.4600         6
   1.4650         6
   1.4700         3
   1.4750         5
   1.4800         5
   1.4850         3
   1.4900         4
   1.4950         5
   1.5000         0
   1.5050         6
   1.5100         2
   1.5150         4
   1.5200         4
   1.5250         4
   1.5300         1
   1.5350         2
   1.5400         3
   1.5450         2
   1.5500         2
   1.5550         3
   1.5600         3
   1.5650         7
   1.5700         2
   1.5750         6
   1.5800         3
   1.5850         2
   1.5900         1
   1.5950         7
   1.6000         3
   1.6050         4
   1.6100         4
   1.6150         3
   1.6200         3
   1.6250         0
   1.6300         1
   1.6350         2
   1.6400         3
   1.6450         1
   1.6500         3
   1.6550         1
   1.6600         1
   1.6650         1
   1.6700         0
   1.6750         1
   1.6800         4
   1.6850         2
   1.6900         2
   1.6950         1
   1.7000         1
   1.7050         1
   1.7100         1
   1.7150         2
   1.7200         3
   1.7250         1
   1.7300         1
   1.7350         3
   1.7400         4
   1.7450         1
   1.7500         2
   1.7550         2
   1.7600         1
   1.7650         1
   1.7700         2
   1.7750         0
   1.7800         2
   1.7850         1
   1.7900         1
   1.7950         3
   1.8000         2
   1.8050         1
   1.8100         1
   1.8150         2
   1.8200         0
   1.8250         2
   1.8300         0
   1.8350         0
   1.8400         4
   1.8450         1
   1.8500         2
   1.8550         3
   1.8600         1
   1.8650         3
   1.8700         3
   1.8750         1
   1.8800         0
   1.8850         1
   1.8900         2
   1.8950         1
   1.9000         2
   1.9050         3
   1.9100         1
   1.9150         1
   1.9200         1
   1.9250         1
   1.9300         0
   1.9350         0
   1.9400         4
   1.9450         0
   1.9500         1
   1.9550         0
   1.9600         0
   1.9650         1
   1.9700         3
   1.9750         0
   1.9800         2
   1.9850         0
   1.9900         2
   1.9950         0
   2.0000         1
   2.0050         0
   2.0100         2
   2.0150         0
   2.0200         0
   2.0250         1
   2.0300         3
   2.0350         0
   2.0400         1
   2.0450         1
   2.0500         1
   2.0550         2
   2.0600         0
   2.0650         0
   2.0700         0
   2.0750         1
   2.0800         0
   2.0850         1
   2.0900         0
   2.0950         0
   2.1000         2
   2.1050         1
   2.1100         3
   2.1150         1
   2.1200         1
   2.1250         0
   2.1300         0
   2.1350         3
   2.1400         0
   2.1450         0
   2.1500         1
   2.1550         1
   2.1600         0
   2.1650         0
   2.1700         2
   2.1750         1
   2.1800         0
   2.1850         2
   2.1900         1
   2.1950         0
   2.2000         0
   2.2050         0
   2.2100         0
   2.2150         2
   2.2200         0
   2.2250         3
   2.2300         1
   2.2350         1
   2.2400         2
   2.2450         1
   2.2500         0
   2.2550         1
   2.2600         0
   2.2650         0
   2.2700         1
   2.2750         1
   2.2800         0
   2.2850         0
   2.2900         0
   2.2950         2
   2.3000         1
   2.3050         0
   2.3100         0
   2.3150         2
   2.3200         2
   2.3250         0
   2.3300         1
   2.3350         3
   2.3400         1
   2.3450         0
   2.3500         1
   2.3550         1
   2.3600         0
   2.3650         1
   2.3700         0
   2.3750         0
   2.3800         0
   2.3850         0
   2.3900         0
   2.3950         1
   2.4000         0
   2.4050         2
   2.4100         0
   2.4150         0
   2.4200         1
   2.4250         0
   2.4300         2
   2.4350         0
   2.4400         0
   2.4450         0
   2.4500         0
   2.4550         0
   2.4600         0
   2.4650         1
   2.4700         0
   2.4750         0
   2.4800         1
   2.4850         0
   2.4900         0
   2.4950         1
   2.5000         1
